1.136878803372383118e-01
1.138075441122055054e-01
1.139271929860115051e-01
1.140468716621398926e-01
1.141665130853652954e-01
1.142861768603324890e-01
1.144058406352996826e-01
1.145255193114280701e-01
1.146451532840728760e-01
1.147648170590400696e-01
1.149078682065010071e-01
1.152649149298667908e-01
1.154434457421302795e-01
1.156220063567161560e-01
1.161806136369705200e-01
1.171502396464347839e-01
1.181198582053184509e-01
1.190894767642021179e-01
1.200591027736663818e-01
1.210287213325500488e-01
1.219983547925949097e-01
1.229679733514785767e-01
1.239375919103622437e-01
1.249072179198265076e-01
1.258768439292907715e-01
1.268464624881744385e-01
1.278160810470581055e-01
1.287856996059417725e-01
1.297553330659866333e-01
1.307249516248703003e-01
1.503965854644775391e-01
1.508664786815643311e-01
1.513363718986511230e-01
1.518062502145767212e-01
1.522761285305023193e-01
1.527460217475891113e-01
1.532158851623535156e-01
1.536857932806015015e-01
1.541556715965270996e-01
1.546255648136138916e-01
1.550954431295394897e-01
1.555653214454650879e-01
1.560352146625518799e-01
1.565050929784774780e-01
1.569750010967254639e-01
1.574448645114898682e-01
1.272945404052734375e-01
1.288706511259078979e-01
1.304467618465423584e-01
1.308652907609939575e-01
1.309479326009750366e-01
1.310305595397949219e-01
1.311132162809371948e-01
1.311958432197570801e-01
1.317332535982131958e-01
1.323568671941757202e-01
1.329804807901382446e-01
1.336041092872619629e-01
1.342277228832244873e-01
1.348513364791870117e-01
1.354749500751495361e-01
1.360985785722732544e-01
1.459653526544570923e-01
1.467947810888290405e-01
1.476242095232009888e-01
1.484536230564117432e-01
1.492830216884613037e-01
1.501124650239944458e-01
1.508830487728118896e-01
1.514298021793365479e-01
1.519765555858612061e-01
1.525233238935470581e-01
1.530701071023941040e-01
1.536168754100799561e-01
1.541636437177658081e-01
1.547104120254516602e-01
1.552571654319763184e-01
1.558039486408233643e-01
1.506928354501724243e-01
1.513214707374572754e-01
1.519501060247421265e-01
1.525787562131881714e-01
1.532073765993118286e-01
1.538360118865966797e-01
1.544646620750427246e-01
1.550932824611663818e-01
1.557219028472900391e-01
1.563060134649276733e-01
1.564845293760299683e-01
1.566630601882934570e-01
1.568415760993957520e-01
1.570201218128204346e-01
1.571986675262451172e-01
1.573772132396697998e-01
1.567459106445312500e-01
1.573257744312286377e-01
1.579056680202484131e-01
1.584855616092681885e-01
1.590244621038436890e-01
1.595632880926132202e-01
1.601021140813827515e-01
1.606409549713134766e-01
1.611797660589218140e-01
1.617186069488525391e-01
1.622574329376220703e-01
1.627434939146041870e-01
1.629979610443115234e-01
1.632524281740188599e-01
1.635068953037261963e-01
1.636345535516738892e-01
1.134568080306053162e-01
1.144674792885780334e-01
1.154781505465507507e-01
1.164888218045234680e-01
1.174995005130767822e-01
1.185101717710494995e-01
1.195208430290222168e-01
1.205315217375755310e-01
1.215421929955482483e-01
1.225528717041015625e-01
1.235635429620742798e-01
1.245742216706275940e-01
1.255849003791809082e-01
1.265955716371536255e-01
1.276062428951263428e-01
1.286169141530990601e-01
1.162239387631416321e-01
1.171935647726058960e-01
1.181631907820701599e-01
1.191328093409538269e-01
1.201024353504180908e-01
1.210720613598823547e-01
1.220416799187660217e-01
1.230112984776496887e-01
1.239809244871139526e-01
1.249505430459976196e-01
1.259201616048812866e-01
1.268897950649261475e-01
1.278594136238098145e-01
1.288290321826934814e-01
1.297986507415771484e-01
1.307682842016220093e-01
1.188064366579055786e-01
1.197760626673698425e-01
1.207456886768341064e-01
1.217153072357177734e-01
1.226849332451820374e-01
1.236545592546463013e-01
1.246241778135299683e-01
1.255938112735748291e-01
1.265634298324584961e-01
1.272577643394470215e-01
1.275136321783065796e-01
1.277695000171661377e-01
1.280253827571868896e-01
1.282812505960464478e-01
1.285371184349060059e-01
1.287930011749267578e-01
1.194611191749572754e-01
1.201257854700088501e-01
1.207904592156410217e-01
1.214551180601119995e-01
1.221197843551635742e-01
1.227844581007957458e-01
1.234491243958473206e-01
1.241137981414794922e-01
1.247784644365310669e-01
1.254431307315826416e-01
1.261077970266342163e-01
1.267724782228469849e-01
1.274371296167373657e-01
1.281018108129501343e-01
1.287664622068405151e-01
1.294311434030532837e-01
1.447176635265350342e-01
1.447564363479614258e-01
1.447952091693878174e-01
1.448339819908142090e-01
1.448727548122406006e-01
1.449449360370635986e-01
1.448812335729598999e-01
1.448175162076950073e-01
1.447538435459136963e-01
1.446901261806488037e-01
1.446264088153839111e-01
1.445627063512802124e-01
1.444990187883377075e-01
1.444353014230728149e-01
1.445079445838928223e-01
1.074453890323638916e-01
1.077544689178466797e-01
1.080635488033294678e-01
1.083726212382316589e-01
1.086816936731338501e-01
1.087369695305824280e-01
1.087369695305824280e-01
1.087369695305824280e-01
1.087369695305824280e-01
1.087369695305824280e-01
1.087369695305824280e-01
1.087369695305824280e-01
1.087369695305824280e-01
1.087369695305824280e-01
1.087369695305824280e-01
1.087369695305824280e-01
1.314013302326202393e-01
1.320664882659912109e-01
1.327316612005233765e-01
1.333968192338943481e-01
1.340619921684265137e-01
1.347271651029586792e-01
1.353923231363296509e-01
1.360574960708618164e-01
1.367226541042327881e-01
1.373878419399261475e-01
1.380529999732971191e-01
1.390406936407089233e-01
1.401415616273880005e-01
1.410156786441802979e-01
1.418897807598114014e-01
1.427639275789260864e-01
1.235797852277755737e-01
1.238538920879364014e-01
1.241279914975166321e-01
1.244020983576774597e-01
1.246761977672576904e-01
1.249503046274185181e-01
1.252244114875793457e-01
1.254985034465789795e-01
1.257726103067398071e-01
1.260467171669006348e-01
1.263208091259002686e-01
1.265949159860610962e-01
1.268690228462219238e-01
1.271431297063827515e-01
1.274172216653823853e-01
1.276913285255432129e-01
1.279773116111755371e-01
1.288789361715316772e-01
1.297805756330490112e-01
1.306822001934051514e-01
1.315838396549224854e-01
1.333871185779571533e-01
1.342887282371520996e-01
1.351903676986694336e-01
1.360920071601867676e-01
1.369936466217041016e-01
1.378952711820602417e-01
1.387968957424163818e-01
1.396985352039337158e-01
1.406001597642898560e-01
1.415017992258071899e-01
1.272872537374496460e-01
1.276186704635620117e-01
1.279501169919967651e-01
1.282815486192703247e-01
1.286129802465438843e-01
1.290113478899002075e-01
1.298344731330871582e-01
1.306575834751129150e-01
1.314806938171386719e-01
1.323038041591644287e-01
1.331269145011901855e-01
1.339500099420547485e-01
1.347731351852416992e-01
1.355962455272674561e-01
1.364193558692932129e-01
1.372424662113189697e-01
1.291493773460388184e-01
1.298139095306396484e-01
1.304784268140792847e-01
1.311429440975189209e-01
1.318074464797973633e-01
1.324719637632369995e-01
1.331364810466766357e-01
1.338009983301162720e-01
1.344655305147171021e-01
1.349184811115264893e-01
1.352800726890563965e-01
1.356416791677474976e-01
1.360032856464385986e-01
1.363648921251296997e-01
1.367018073797225952e-01
1.370099782943725586e-01
1.324540227651596069e-01
1.328143924474716187e-01
1.331747770309448242e-01
1.335351467132568359e-01
1.338955312967300415e-01
1.342559009790420532e-01
1.346162855625152588e-01
1.349766552448272705e-01
1.353370398283004761e-01
1.356973946094512939e-01
1.360577791929244995e-01
1.364181488752365112e-01
1.367785334587097168e-01
1.371389031410217285e-01
1.374992728233337402e-01
1.378596574068069458e-01
1.689215302467346191e-01
1.706263870000839233e-01
1.723312139511108398e-01
1.740360558032989502e-01
1.757409274578094482e-01
1.774457544088363647e-01
1.791506260633468628e-01
1.808554828166961670e-01
1.825603395700454712e-01
1.839617192745208740e-01
1.853582859039306641e-01
1.867548227310180664e-01
1.881513595581054688e-01
1.895479410886764526e-01
1.909445226192474365e-01
1.923410594463348389e-01
2.142180800437927246e-01
2.141816020011901855e-01
2.141452133655548096e-01
2.141087651252746582e-01
2.140723168849945068e-01
2.140358984470367432e-01
2.139994800090789795e-01
2.139630317687988281e-01
2.139265835285186768e-01
2.138901352882385254e-01
2.138537466526031494e-01
2.138172984123229980e-01
2.137808501720428467e-01
2.137444317340850830e-01
2.139661908149719238e-01
2.143756747245788574e-01
1.419111043214797974e-01
1.422260552644729614e-01
1.425410211086273193e-01
1.428559720516204834e-01
1.431709229946136475e-01
1.438008397817611694e-01
1.441158056259155273e-01
1.444307565689086914e-01
1.447457075119018555e-01
1.450606584548950195e-01
1.453756242990493774e-01
1.456905901432037354e-01
1.460055410861968994e-01
1.463204920291900635e-01
1.466354578733444214e-01
1.087369695305824280e-01
1.087369695305824280e-01
1.087369695305824280e-01
1.087369695305824280e-01
1.087369695305824280e-01
1.087369695305824280e-01
1.087369695305824280e-01
1.087369695305824280e-01
1.087369695305824280e-01
1.087369695305824280e-01
1.087369695305824280e-01
1.087369695305824280e-01
1.087369695305824280e-01
1.087369695305824280e-01
1.087369695305824280e-01
1.087369695305824280e-01
1.036964282393455505e-01
1.039646863937377930e-01
1.042329519987106323e-01
1.045012176036834717e-01
1.047694832086563110e-01
1.050377488136291504e-01
1.053060069680213928e-01
1.055742725729942322e-01
1.058425381779670715e-01
1.061107963323593140e-01
1.063790619373321533e-01
1.066473275423049927e-01
1.069155931472778320e-01
1.071838587522506714e-01
1.074521169066429138e-01
1.077203825116157532e-01
1.087369695305824280e-01
1.087369695305824280e-01
1.087369695305824280e-01
1.087369695305824280e-01
1.087369695305824280e-01
1.087369695305824280e-01
1.087369695305824280e-01
1.087369695305824280e-01
1.087369695305824280e-01
1.087369695305824280e-01
1.087369695305824280e-01
1.087369695305824280e-01
1.087369695305824280e-01
1.087369695305824280e-01
1.087369695305824280e-01
1.087369695305824280e-01
1.771769970655441284e-01
1.777496188879013062e-01
1.783222556114196777e-01
1.788948178291320801e-01
1.794674545526504517e-01
1.800400316715240479e-01
1.806126534938812256e-01
1.811852753162384033e-01
1.817578375339508057e-01
1.861005723476409912e-01
1.906522214412689209e-01
1.952037811279296875e-01
1.997554302215576172e-01
2.043070495128631592e-01
2.088586390018463135e-01
2.134103029966354370e-01
1.087369695305824280e-01
1.087369695305824280e-01
1.087369695305824280e-01
1.087369695305824280e-01
1.087369695305824280e-01
1.087369695305824280e-01
1.087369695305824280e-01
1.087369695305824280e-01
1.087369695305824280e-01
1.087369695305824280e-01
1.087369695305824280e-01
1.087369695305824280e-01
1.087369695305824280e-01
1.087369695305824280e-01
1.087369695305824280e-01
1.087369695305824280e-01
1.787146329879760742e-01
1.795781701803207397e-01
1.804417073726654053e-01
1.813052445650100708e-01
1.821687668561935425e-01
1.830323040485382080e-01
1.838958561420440674e-01
1.847593784332275391e-01
1.856229305267333984e-01
1.864864528179168701e-01
1.873499602079391479e-01
1.882134974002838135e-01
1.890770345926284790e-01
1.899405717849731445e-01
1.908041238784790039e-01
1.916676461696624756e-01
1.093011572957038879e-01
1.106922477483749390e-01
1.120833307504653931e-01
1.134743988513946533e-01
1.148654818534851074e-01
1.162565723061561584e-01
1.176476553082466125e-01
1.190387681126594543e-01
1.204298511147499084e-01
1.218209341168403625e-01
1.232120096683502197e-01
1.246031001210212708e-01
1.259941905736923218e-01
1.273852586746215820e-01
1.287763565778732300e-01
1.301674395799636841e-01
1.087369695305824280e-01
1.087369695305824280e-01
1.087369695305824280e-01
1.087369695305824280e-01
1.087369695305824280e-01
1.087369695305824280e-01
1.087369695305824280e-01
1.087369695305824280e-01
1.087369695305824280e-01
1.087369695305824280e-01
1.087369695305824280e-01
1.087369695305824280e-01
1.087369695305824280e-01
1.087369695305824280e-01
1.087369695305824280e-01
1.087369695305824280e-01
1.002634391188621521e-01
1.004249081015586853e-01
1.005863696336746216e-01
1.007478460669517517e-01
1.009093075990676880e-01
1.010707765817642212e-01
1.012322455644607544e-01
1.013937145471572876e-01
1.015551835298538208e-01
1.017166525125503540e-01
1.018781214952468872e-01
1.020395904779434204e-01
1.023753583431243896e-01
1.028493568301200867e-01
1.033233627676963806e-01
1.037973612546920776e-01
1.087369695305824280e-01
1.087369695305824280e-01
1.087369695305824280e-01
1.087369695305824280e-01
1.087369695305824280e-01
1.087369695305824280e-01
1.087369695305824280e-01
1.087369695305824280e-01
1.087369695305824280e-01
1.087369695305824280e-01
1.087369695305824280e-01
1.087369695305824280e-01
1.087369695305824280e-01
1.087369695305824280e-01
1.087369695305824280e-01
1.087369695305824280e-01
1.087369695305824280e-01
1.087369695305824280e-01
1.087369695305824280e-01
1.087369695305824280e-01
1.087369695305824280e-01
1.087369695305824280e-01
1.087369695305824280e-01
1.087369695305824280e-01
1.087369695305824280e-01
1.087369695305824280e-01
1.087369695305824280e-01
1.087369695305824280e-01
1.087369695305824280e-01
1.087369695305824280e-01
1.087369695305824280e-01
1.087369695305824280e-01
1.079647690057754517e-01
1.081226170063018799e-01
1.082804650068283081e-01
1.084383055567741394e-01
1.085961535573005676e-01
1.087369695305824280e-01
1.087369695305824280e-01
1.087369695305824280e-01
1.087369695305824280e-01
1.087369695305824280e-01
1.087369695305824280e-01
1.087369695305824280e-01
1.087369695305824280e-01
1.087369695305824280e-01
1.087369695305824280e-01
1.087369695305824280e-01
1.087369695305824280e-01
1.087369695305824280e-01
1.087369695305824280e-01
1.087369695305824280e-01
1.087369695305824280e-01
1.087369695305824280e-01
1.087369695305824280e-01
1.087369695305824280e-01
1.087369695305824280e-01
1.087369695305824280e-01
1.087369695305824280e-01
1.087369695305824280e-01
1.087369695305824280e-01
1.087369695305824280e-01
1.087369695305824280e-01
1.087369695305824280e-01
1.087369695305824280e-01
1.087369695305824280e-01
1.087369695305824280e-01
1.087369695305824280e-01
1.087369695305824280e-01
1.087369695305824280e-01
1.087369695305824280e-01
1.087369695305824280e-01
1.087369695305824280e-01
1.087369695305824280e-01
1.087369695305824280e-01
1.087369695305824280e-01
1.087369695305824280e-01
1.087369695305824280e-01
1.087369695305824280e-01
9.753613919019699097e-02
9.810466319322586060e-02
9.867317974567413330e-02
9.924169629812240601e-02
9.981022030115127563e-02
1.003787368535995483e-01
1.009472534060478210e-01
1.015157774090766907e-01
1.020843014121055603e-01
1.026528179645538330e-01
1.032213345170021057e-01
1.037898510694503784e-01
1.043642833828926086e-01
1.049451753497123718e-01
1.055260673165321350e-01
1.061069667339324951e-01
9.103183448314666748e-02
9.094566106796264648e-02
9.085948765277862549e-02
9.077330678701400757e-02
9.068712592124938965e-02
9.060094505548477173e-02
9.051477164030075073e-02
9.042859077453613281e-02
9.034241735935211182e-02
9.025623649358749390e-02
9.017005562782287598e-02
9.008388221263885498e-02
8.999770134687423706e-02
8.991152048110961914e-02
8.982534706592559814e-02
8.973916620016098022e-02
1.477880477905273438e-01
1.486446261405944824e-01
1.495070308446884155e-01
1.503694355487823486e-01
1.512318253517150879e-01
1.520942300558090210e-01
1.529566049575805664e-01
1.538190096616744995e-01
1.546814143657684326e-01
1.555438190698623657e-01
1.564062237739562988e-01
1.572686284780502319e-01
1.581310331821441650e-01
1.589934378862380981e-01
1.598558425903320312e-01
1.607182323932647705e-01
1.140653565526008606e-01
1.151784136891365051e-01
1.162803620100021362e-01
1.238450482487678528e-01
1.247906610369682312e-01
1.257362663745880127e-01
1.266818642616271973e-01
1.276274621486663818e-01
1.285730600357055664e-01
1.306447386741638184e-01
1.317577958106994629e-01
1.328708529472351074e-01
1.339839100837707520e-01
1.350969672203063965e-01
1.362099945545196533e-01
1.373230516910552979e-01
1.384361088275909424e-01
1.397173702716827393e-01
1.410994380712509155e-01
1.424815058708190918e-01
1.438635289669036865e-01
1.452455967664718628e-01
1.884645074605941772e-01
1.890579164028167725e-01
1.896513104438781738e-01
1.902447044849395752e-01
1.908380985260009766e-01
1.914315074682235718e-01
1.920249164104461670e-01
1.932116895914077759e-01
1.938050985336303711e-01
1.943984925746917725e-01
1.949918866157531738e-01
1.955852955579757690e-01
1.961787045001983643e-01
1.967720836400985718e-01
1.973654776811599731e-01
1.080797836184501648e-01
1.086678430438041687e-01
1.087369695305824280e-01
1.087369695305824280e-01
1.087369695305824280e-01
1.087369695305824280e-01
1.087369695305824280e-01
1.087369695305824280e-01
1.087369695305824280e-01
1.087369695305824280e-01
1.087369695305824280e-01
1.087369695305824280e-01
1.087369695305824280e-01
1.087369695305824280e-01
1.087369695305824280e-01
1.087369695305824280e-01
8.954837918281555176e-02
8.948245644569396973e-02
8.941653370857238770e-02
8.935061097145080566e-02
8.928468823432922363e-02
8.921876549720764160e-02
8.915284276008605957e-02
8.908692002296447754e-02
8.902099728584289551e-02
8.895507454872131348e-02
8.888915181159973145e-02
8.882322907447814941e-02
8.875730633735656738e-02
8.869138360023498535e-02
8.862546086311340332e-02
8.855953812599182129e-02
1.087369695305824280e-01
1.087369695305824280e-01
1.087369695305824280e-01
1.087369695305824280e-01
1.087369695305824280e-01
1.087369695305824280e-01
1.087369695305824280e-01
1.087369695305824280e-01
1.087369695305824280e-01
1.087369695305824280e-01
1.087369695305824280e-01
1.087369695305824280e-01
1.087369695305824280e-01
1.087369695305824280e-01
1.087369695305824280e-01
1.087369695305824280e-01
1.083556115627288818e-01
1.085372492671012878e-01
1.087188720703125000e-01
1.087369695305824280e-01
1.087369695305824280e-01
1.087369695305824280e-01
1.087369695305824280e-01
1.087369695305824280e-01
1.087369695305824280e-01
1.087369695305824280e-01
1.087369695305824280e-01
1.087369695305824280e-01
1.087369695305824280e-01
1.087369695305824280e-01
1.087369695305824280e-01
1.087369695305824280e-01
1.087369695305824280e-01
1.087369695305824280e-01
1.087369695305824280e-01
1.087369695305824280e-01
1.087369695305824280e-01
1.087369695305824280e-01
1.087369695305824280e-01
1.087369695305824280e-01
1.087369695305824280e-01
1.087369695305824280e-01
1.087369695305824280e-01
1.087369695305824280e-01
1.087369695305824280e-01
1.087369695305824280e-01
1.087369695305824280e-01
1.087369695305824280e-01
1.183777973055839539e-01
1.193233951926231384e-01
1.202689930796623230e-01
1.212145909667015076e-01
1.221601888537406921e-01
1.231057196855545044e-01
1.240513175725936890e-01
1.249969154596328735e-01
1.259424984455108643e-01
1.268880963325500488e-01
1.278337091207504272e-01
1.287792623043060303e-01
1.299465000629425049e-01
1.311611086130142212e-01
1.323757022619247437e-01
1.335903108119964600e-01
1.152695938944816589e-01
1.162151917815208435e-01
1.171607747673988342e-01
1.181063503026962280e-01
1.190519481897354126e-01
1.199975460767745972e-01
1.209431216120719910e-01
1.218887269496917725e-01
1.228343248367309570e-01
1.237799003720283508e-01
1.247254982590675354e-01
1.258399933576583862e-01
1.270545721054077148e-01
1.282691806554794312e-01
1.294837594032287598e-01
1.306983679533004761e-01
1.073024868965148926e-01
1.074093952775001526e-01
1.075162962079048157e-01
1.076232045888900757e-01
1.077301055192947388e-01
1.078370064496994019e-01
1.079439148306846619e-01
1.080508232116699219e-01
1.081577166914939880e-01
1.082646250724792480e-01
1.083715260028839111e-01
1.084784269332885742e-01
1.085853353142738342e-01
1.086922436952590942e-01
1.087369695305824280e-01
1.087369695305824280e-01
1.082182675600051880e-01
1.084697544574737549e-01
1.087212488055229187e-01
1.087369695305824280e-01
1.087369695305824280e-01
1.087369695305824280e-01
1.087369695305824280e-01
1.087369695305824280e-01
1.087369695305824280e-01
1.087369695305824280e-01
1.087369695305824280e-01
1.087369695305824280e-01
1.087369695305824280e-01
1.087369695305824280e-01
1.087369695305824280e-01
1.087369695305824280e-01
7.888477295637130737e-02
7.945328950881958008e-02
8.002181351184844971e-02
8.059033006429672241e-02
8.115885406732559204e-02
8.172737061977386475e-02
8.229589462280273438e-02
8.286441117525100708e-02
8.343292772769927979e-02
8.400144428014755249e-02
8.456996828317642212e-02
8.513848483562469482e-02
8.570700883865356445e-02
8.627552539110183716e-02
8.684404194355010986e-02
8.741256594657897949e-02
7.561868429183959961e-02
7.619930803775787354e-02
7.677993178367614746e-02
7.736055552959442139e-02
7.794117927551269531e-02
7.852179557085037231e-02
7.910241186618804932e-02
7.968303561210632324e-02
8.026365935802459717e-02
8.084428310394287109e-02
8.142489194869995117e-02
8.200551569461822510e-02
8.258613944053649902e-02
8.316676318645477295e-02
8.374737948179244995e-02
8.432800322771072388e-02
9.596356749534606934e-02
9.614607691764831543e-02
9.632860869169235229e-02
9.651112556457519531e-02
9.669364243745803833e-02
9.687617421150207520e-02
9.705868363380432129e-02
9.724120050668716431e-02
9.742371737957000732e-02
9.760624915361404419e-02
9.778875857591629028e-02
9.797127544879913330e-02
9.815380722284317017e-02
9.833632409572601318e-02
9.851884096860885620e-02
9.870137274265289307e-02
1.148251071572303772e-01
1.170425862073898315e-01
1.192600429058074951e-01
1.214775219559669495e-01
1.236949861049652100e-01
1.259124130010604858e-01
1.281298846006393433e-01
1.303473562002182007e-01
1.325648277997970581e-01
1.347823143005371094e-01
1.369997709989547729e-01
1.392172425985336304e-01
1.413251906633377075e-01
1.434115469455718994e-01
1.454979032278060913e-01
1.475842446088790894e-01
1.551834046840667725e-01
1.557560414075851440e-01
1.563285887241363525e-01
1.569012254476547241e-01
1.574738025665283203e-01
1.580464243888854980e-01
1.586190462112426758e-01
1.591916084289550781e-01
1.597642451524734497e-01
1.603368073701858521e-01
1.609094440937042236e-01
1.614820659160614014e-01
1.620546430349349976e-01
1.626272648572921753e-01
1.631999015808105469e-01
1.637724637985229492e-01
1.481768786907196045e-01
1.493914723396301270e-01
1.506060808897018433e-01
1.518206745386123657e-01
1.530352979898452759e-01
1.542498171329498291e-01
1.554644256830215454e-01
1.566790342330932617e-01
1.578936278820037842e-01
1.591082364320755005e-01
1.603228300809860229e-01
1.615374088287353516e-01
1.627520024776458740e-01
1.639665961265563965e-01
1.651812046766281128e-01
1.663957983255386353e-01
1.613824367523193359e-01
1.628799885511398315e-01
1.643775254487991333e-01
1.658750772476196289e-01
1.673726439476013184e-01
1.688702106475830078e-01
1.703677624464035034e-01
1.718653142452239990e-01
1.733628660440444946e-01
1.748604178428649902e-01
1.763579845428466797e-01
1.778555512428283691e-01
1.791223287582397461e-01
1.803478300571441650e-01
1.815733313560485840e-01
1.827988326549530029e-01
1.069008335471153259e-01
1.070586815476417542e-01
1.072165295481681824e-01
1.073743849992752075e-01
1.075322329998016357e-01
1.076900810003280640e-01
1.078479290008544922e-01
1.080057770013809204e-01
1.081636250019073486e-01
1.083214804530143738e-01
1.084793284535408020e-01
1.086371764540672302e-01
1.087369695305824280e-01
1.087369695305824280e-01
1.087369695305824280e-01
1.087369695305824280e-01
9.104470908641815186e-02
9.114708751440048218e-02
9.124945849180221558e-02
9.135183691978454590e-02
9.145421534776687622e-02
9.155660867691040039e-02
9.165897965431213379e-02
9.176137298345565796e-02
9.186375141143798828e-02
9.196612238883972168e-02
9.206850081682205200e-02
9.217088669538497925e-02
9.227326512336730957e-02
9.237565100193023682e-02
9.247802942991256714e-02
9.258040040731430054e-02
8.176008611917495728e-02
8.169416338205337524e-02
8.162824064493179321e-02
8.156231790781021118e-02
8.149639517068862915e-02
8.143047243356704712e-02
8.136454224586486816e-02
8.129861950874328613e-02
8.123269677162170410e-02
8.116678148508071899e-02
8.110085129737854004e-02
8.103492856025695801e-02
8.096900582313537598e-02
8.090308308601379395e-02
8.083716034889221191e-02
8.077123761177062988e-02
9.979470819234848022e-02
1.003101021051406860e-01
1.008255034685134888e-01
1.013408899307250977e-01
1.018562763929367065e-01
1.023716703057289124e-01
1.028870642185211182e-01
1.034024655818939209e-01
1.039178520441055298e-01
1.044332534074783325e-01
1.049486473202705383e-01
1.054640412330627441e-01
1.059794351458549500e-01
1.064948290586471558e-01
1.070102304220199585e-01
1.075256168842315674e-01
1.056981533765792847e-01
1.063713952898979187e-01
1.070446446537971497e-01
1.077157706022262573e-01
1.078736186027526855e-01
1.080314666032791138e-01
1.081893146038055420e-01
1.083471700549125671e-01
1.085050180554389954e-01
1.086628660559654236e-01
1.087369695305824280e-01
1.087369695305824280e-01
1.087369695305824280e-01
1.087369695305824280e-01
1.087369695305824280e-01
9.083376824855804443e-02
9.093613922595977783e-02
9.103852510452270508e-02
9.114091098308563232e-02
9.124328196048736572e-02
9.134566038846969604e-02
9.144805371761322021e-02
9.165281057357788086e-02
9.175519645214080811e-02
9.185756742954254150e-02
9.195993840694427490e-02
9.206232428550720215e-02
9.216471016407012939e-02
9.226708859205245972e-02
9.236948192119598389e-02
8.380340039730072021e-02
8.373747020959854126e-02
8.367154747247695923e-02
8.360563218593597412e-02
8.353970944881439209e-02
8.347377926111221313e-02
8.340785652399063110e-02
8.334193378686904907e-02
8.327601104974746704e-02
8.321008831262588501e-02
8.314416557550430298e-02
8.307824283838272095e-02
8.301232010126113892e-02
8.294639736413955688e-02
8.288047462701797485e-02
8.281455188989639282e-02
1.025044173002243042e-01
1.031776592135429382e-01
1.038509085774421692e-01
1.045241504907608032e-01
1.051973998546600342e-01
1.058706417679786682e-01
1.065438762307167053e-01
1.072171255946159363e-01
1.077677607536315918e-01
1.082831546664237976e-01
1.087369695305824280e-01
1.087369695305824280e-01
1.087369695305824280e-01
1.087369695305824280e-01
1.087369695305824280e-01
1.087369695305824280e-01
8.059874922037124634e-02
8.053282648324966431e-02
8.046690374612808228e-02
8.040098100900650024e-02
8.033505827188491821e-02
8.026913553476333618e-02
8.020321279764175415e-02
8.013729006052017212e-02
8.007135987281799316e-02
8.000544458627700806e-02
7.993951439857482910e-02
7.987359911203384399e-02
7.980767637491226196e-02
7.974174618721008301e-02
7.967582345008850098e-02
7.960990071296691895e-02
1.062323972582817078e-01
1.064829975366592407e-01
1.067335978150367737e-01
1.069841980934143066e-01
1.072347909212112427e-01
1.074853911995887756e-01
1.077359914779663086e-01
1.079865917563438416e-01
1.082371920347213745e-01
1.084877923130989075e-01
1.087369695305824280e-01
1.087369695305824280e-01
1.087369695305824280e-01
1.087369695305824280e-01
1.087369695305824280e-01
1.087369695305824280e-01
1.087369695305824280e-01
1.087369695305824280e-01
1.087369695305824280e-01
1.087369695305824280e-01
1.087369695305824280e-01
1.087369695305824280e-01
1.087369695305824280e-01
1.087369695305824280e-01
1.087369695305824280e-01
1.087369695305824280e-01
1.087369695305824280e-01
1.087369695305824280e-01
1.087369695305824280e-01
1.087369695305824280e-01
1.087369695305824280e-01
1.049363240599632263e-01
1.051878184080123901e-01
1.054393053054809570e-01
1.056907922029495239e-01
1.059422865509986877e-01
1.075121462345123291e-01
1.105390191078186035e-01
1.135658919811248779e-01
1.165927648544311523e-01
1.196196228265762329e-01
1.226464956998825073e-01
1.256733536720275879e-01
1.287002265453338623e-01
1.317270994186401367e-01
1.347539722919464111e-01
1.377808600664138794e-01
9.266522526741027832e-02
9.284774959087371826e-02
9.303027391433715820e-02
9.321278333663940430e-02
9.339530020952224731e-02
9.357783198356628418e-02
9.376034140586853027e-02
9.394286572933197021e-02
9.412539005279541016e-02
9.430790692567825317e-02
9.449042379856109619e-02
9.467295557260513306e-02
9.485547244548797607e-02
9.503798931837081909e-02
9.522052109241485596e-02
9.540303051471710205e-02
8.035352081060409546e-02
8.028935641050338745e-02
8.031916618347167969e-02
8.038786053657531738e-02
8.045655488967895508e-02
8.052524179220199585e-02
8.059394359588623047e-02
8.066263794898986816e-02
8.073133230209350586e-02
8.080001920461654663e-02
8.086871355772018433e-02
8.093740791082382202e-02
8.100610971450805664e-02
8.107479661703109741e-02
8.114349097013473511e-02
8.142539858818054199e-02
1.468240022659301758e-01
1.478811651468276978e-01
1.489383280277252197e-01
1.499954760074615479e-01
1.510526239871978760e-01
1.520844399929046631e-01
1.529468446969985962e-01
1.538092494010925293e-01
1.546716541051864624e-01
1.555340588092803955e-01
1.563964784145355225e-01
1.572588682174682617e-01
1.581212580204010010e-01
1.589836627244949341e-01
1.598460823297500610e-01
1.607084721326828003e-01
1.087369695305824280e-01
1.087369695305824280e-01
1.087369695305824280e-01
1.087369695305824280e-01
1.087369695305824280e-01
1.087369695305824280e-01
1.087369695305824280e-01
1.087369695305824280e-01
1.087369695305824280e-01
1.087369695305824280e-01
1.087369695305824280e-01
1.087369695305824280e-01
1.087369695305824280e-01
1.087369695305824280e-01
1.087369695305824280e-01
1.087369695305824280e-01
1.087369695305824280e-01
1.087369695305824280e-01
1.087369695305824280e-01
1.087369695305824280e-01
1.087369695305824280e-01
1.087369695305824280e-01
1.087369695305824280e-01
1.087369695305824280e-01
1.087369695305824280e-01
1.087369695305824280e-01
1.087369695305824280e-01
1.087369695305824280e-01
1.087369695305824280e-01
1.087369695305824280e-01
1.087369695305824280e-01
1.087369695305824280e-01
1.027577742934226990e-01
1.030092686414718628e-01
1.032607629895210266e-01
1.035122498869895935e-01
1.037637367844581604e-01
1.040152311325073242e-01
1.042667180299758911e-01
1.045182123780250549e-01
1.047696992754936218e-01
1.050211936235427856e-01
1.052726805210113525e-01
1.055241674184799194e-01
1.057756617665290833e-01
1.060271486639976501e-01
1.062786430120468140e-01
1.065301299095153809e-01
9.733450412750244141e-02
9.743687510490417480e-02
9.753926098346710205e-02
9.764164686203002930e-02
9.774401783943176270e-02
9.784639626741409302e-02
9.794878214597702026e-02
9.805116057395935059e-02
9.815354645252227783e-02
9.825591742992401123e-02
9.835828840732574463e-02
9.846068918704986572e-02
9.856307506561279297e-02
9.866545349359512329e-02
9.876781702041625977e-02
9.887021034955978394e-02
1.412966549396514893e-01
1.423735469579696655e-01
1.434504240751266479e-01
1.445272862911224365e-01
1.456041932106018066e-01
1.466810703277587891e-01
1.477579474449157715e-01
1.488348543643951416e-01
1.499116718769073486e-01
1.509885638952255249e-01
1.520654559135437012e-01
1.531423479318618774e-01
1.542192101478576660e-01
1.552961170673370361e-01
1.563729941844940186e-01
1.574498862028121948e-01
1.087369695305824280e-01
1.087369695305824280e-01
1.087369695305824280e-01
1.087369695305824280e-01
1.087369695305824280e-01
1.087369695305824280e-01
1.087369695305824280e-01
1.087369695305824280e-01
1.087369695305824280e-01
1.087369695305824280e-01
1.087369695305824280e-01
1.087369695305824280e-01
1.087369695305824280e-01
1.087369695305824280e-01
1.087369695305824280e-01
1.559234857559204102e-01
1.587470024824142456e-01
1.615705192089080811e-01
1.643940508365631104e-01
1.672175675630569458e-01
1.700410991907119751e-01
1.728646308183670044e-01
1.756881475448608398e-01
1.768586039543151855e-01
1.779366135597229004e-01
1.790146231651306152e-01
1.800926327705383301e-01
1.811706423759460449e-01
1.822486668825149536e-01
1.833266913890838623e-01
1.844047009944915771e-01
9.201496094465255737e-02
9.192702174186706543e-02
9.183908998966217041e-02
9.175115823745727539e-02
9.166322648525238037e-02
9.157529473304748535e-02
9.148734807968139648e-02
9.139941632747650146e-02
9.137082099914550781e-02
9.141574800014495850e-02
9.146067500114440918e-02
9.150560200214385986e-02
9.155052900314331055e-02
9.159545600414276123e-02
9.164038300514221191e-02
9.168531000614166260e-02
1.087369695305824280e-01
1.087369695305824280e-01
1.087369695305824280e-01
1.087369695305824280e-01
1.087369695305824280e-01
1.087369695305824280e-01
1.087369695305824280e-01
1.087369695305824280e-01
1.087369695305824280e-01
1.087369695305824280e-01
1.087369695305824280e-01
1.087369695305824280e-01
1.087369695305824280e-01
1.087369695305824280e-01
1.087369695305824280e-01
1.087369695305824280e-01
1.058045849204063416e-01
1.063926443457603455e-01
1.069807037711143494e-01
1.075687706470489502e-01
1.081568300724029541e-01
1.087369695305824280e-01
1.087369695305824280e-01
1.087369695305824280e-01
1.087369695305824280e-01
1.087369695305824280e-01
1.087369695305824280e-01
1.087369695305824280e-01
1.087369695305824280e-01
1.087369695305824280e-01
1.087369695305824280e-01
1.087369695305824280e-01
1.051310524344444275e-01
1.057191193103790283e-01
1.063071638345718384e-01
1.068952307105064392e-01
1.074832901358604431e-01
1.080713495612144470e-01
1.086594164371490479e-01
1.087369695305824280e-01
1.087369695305824280e-01
1.087369695305824280e-01
1.087369695305824280e-01
1.087369695305824280e-01
1.087369695305824280e-01
1.087369695305824280e-01
1.087369695305824280e-01
1.087369695305824280e-01
1.063418015837669373e-01
1.068430021405220032e-01
1.070935949683189392e-01
1.073441952466964722e-01
1.075947955250740051e-01
1.078453958034515381e-01
1.080959886312484741e-01
1.083465889096260071e-01
1.085971891880035400e-01
1.087369695305824280e-01
1.087369695305824280e-01
1.087369695305824280e-01
1.087369695305824280e-01
1.087369695305824280e-01
1.087369695305824280e-01
9.251465648412704468e-02
9.261703491210937500e-02
9.271942079067230225e-02
9.282179921865463257e-02
9.292417764663696289e-02
9.302655607461929321e-02
9.312894195318222046e-02
9.323130548000335693e-02
9.333368390798568726e-02
9.343606978654861450e-02
9.353844821453094482e-02
9.364083409309387207e-02
9.374320507049560547e-02
9.384559094905853271e-02
9.394796937704086304e-02
9.405034780502319336e-02
1.087369695305824280e-01
1.087369695305824280e-01
1.087369695305824280e-01
1.087369695305824280e-01
1.087369695305824280e-01
1.087369695305824280e-01
1.087369695305824280e-01
1.087369695305824280e-01
1.087369695305824280e-01
1.087369695305824280e-01
1.087369695305824280e-01
1.087369695305824280e-01
1.087369695305824280e-01
1.087369695305824280e-01
1.087369695305824280e-01
1.087369695305824280e-01
1.087369695305824280e-01
1.087369695305824280e-01
1.087369695305824280e-01
1.087369695305824280e-01
1.087369695305824280e-01
1.087369695305824280e-01
1.087369695305824280e-01
1.087369695305824280e-01
1.087369695305824280e-01
1.087369695305824280e-01
1.087369695305824280e-01
1.087369695305824280e-01
1.087369695305824280e-01
1.087369695305824280e-01
1.087369695305824280e-01
1.087369695305824280e-01
9.150498360395431519e-02
9.140901267528533936e-02
9.131304919719696045e-02
9.166696667671203613e-02
9.225622564554214478e-02
9.284549951553344727e-02
9.343475103378295898e-02
9.402401745319366455e-02
9.461328387260437012e-02
9.520254284143447876e-02
9.579181671142578125e-02
9.638107568025588989e-02
9.697033464908599854e-02
9.755960106849670410e-02
9.814886003732681274e-02
9.873813390731811523e-02
1.087369695305824280e-01
1.087369695305824280e-01
1.087369695305824280e-01
1.087369695305824280e-01
1.087369695305824280e-01
1.087369695305824280e-01
1.087369695305824280e-01
1.087369695305824280e-01
1.087369695305824280e-01
1.087369695305824280e-01
1.087369695305824280e-01
1.087369695305824280e-01
1.087369695305824280e-01
1.087369695305824280e-01
1.087369695305824280e-01
1.087369695305824280e-01
1.087369695305824280e-01
1.087369695305824280e-01
1.087369695305824280e-01
1.087369695305824280e-01
1.087369695305824280e-01
1.087369695305824280e-01
1.087369695305824280e-01
1.087369695305824280e-01
1.087369695305824280e-01
1.087369695305824280e-01
1.087369695305824280e-01
1.087369695305824280e-01
1.087369695305824280e-01
1.087369695305824280e-01
1.087369695305824280e-01
1.087369695305824280e-01
9.354103356599807739e-02
9.364340454339981079e-02
9.374579042196273804e-02
9.384816884994506836e-02
9.395055472850799561e-02
9.405293315649032593e-02
9.415531158447265625e-02
9.425767511129379272e-02
9.436006844043731689e-02
9.446245431900024414e-02
9.456482529640197754e-02
9.466720372438430786e-02
9.476958215236663818e-02
9.487196058034896851e-02
9.497435390949249268e-02
9.507672488689422607e-02
1.087369695305824280e-01
1.087369695305824280e-01
1.087369695305824280e-01
1.087369695305824280e-01
1.087369695305824280e-01
1.087369695305824280e-01
1.087369695305824280e-01
1.087369695305824280e-01
1.087369695305824280e-01
1.087369695305824280e-01
1.087369695305824280e-01
1.087369695305824280e-01
1.107517257332801819e-01
1.136091053485870361e-01
1.164664775133132935e-01
1.087369695305824280e-01
1.087369695305824280e-01
1.087369695305824280e-01
1.087369695305824280e-01
1.087369695305824280e-01
1.087369695305824280e-01
1.087369695305824280e-01
1.087369695305824280e-01
1.087369695305824280e-01
1.087369695305824280e-01
1.087369695305824280e-01
1.087369695305824280e-01
1.087369695305824280e-01
1.087369695305824280e-01
1.087369695305824280e-01
1.347930133342742920e-01
1.356213539838790894e-01
1.363614499568939209e-01
1.371015012264251709e-01
1.378415524959564209e-01
1.385816186666488647e-01
1.393216848373413086e-01
1.400617808103561401e-01
1.408018320798873901e-01
1.415418982505798340e-01
1.422819942235946655e-01
1.430220454931259155e-01
1.437621116638183594e-01
1.445021927356719971e-01
1.452422589063644409e-01
1.459823250770568848e-01
1.032219082117080688e-01
1.038099750876426697e-01
1.043980419635772705e-01
1.049861013889312744e-01
1.055741682648658752e-01
1.061622276902198792e-01
1.067502871155738831e-01
1.073383539915084839e-01
1.079264134168624878e-01
1.085144728422164917e-01
1.087369695305824280e-01
1.087369695305824280e-01
1.087369695305824280e-01
1.087369695305824280e-01
1.087369695305824280e-01
1.087369695305824280e-01
9.758614003658294678e-02
9.768851846456527710e-02
9.779089689254760742e-02
9.789327532052993774e-02
9.799565374851226807e-02
9.809803962707519531e-02
9.820042550563812256e-02
9.830280393362045288e-02
9.840517491102218628e-02
9.850756078958511353e-02
9.860994666814804077e-02
9.871231764554977417e-02
9.881469607353210449e-02
9.891708195209503174e-02
9.901946038007736206e-02
9.912184625864028931e-02
1.087369695305824280e-01
1.087369695305824280e-01
1.087369695305824280e-01
1.087369695305824280e-01
1.087369695305824280e-01
1.087369695305824280e-01
1.087369695305824280e-01
1.087369695305824280e-01
1.087369695305824280e-01
1.087369695305824280e-01
1.087369695305824280e-01
1.087369695305824280e-01
1.087369695305824280e-01
1.087369695305824280e-01
1.087369695305824280e-01
1.087369695305824280e-01
1.087369695305824280e-01
1.087369695305824280e-01
1.087369695305824280e-01
1.087369695305824280e-01
1.087369695305824280e-01
1.087369695305824280e-01
1.087369695305824280e-01
1.087369695305824280e-01
1.087369695305824280e-01
1.087369695305824280e-01
1.087369695305824280e-01
1.087369695305824280e-01
1.087369695305824280e-01
1.087369695305824280e-01
1.087369695305824280e-01
1.087369695305824280e-01
1.087369695305824280e-01
1.087369695305824280e-01
1.087369695305824280e-01
1.087369695305824280e-01
1.087369695305824280e-01
1.087369695305824280e-01
1.087369695305824280e-01
1.087369695305824280e-01
1.087369695305824280e-01
1.087369695305824280e-01
1.087369695305824280e-01
1.087369695305824280e-01
1.087369695305824280e-01
1.087369695305824280e-01
1.087369695305824280e-01
1.087369695305824280e-01
1.087369695305824280e-01
1.087369695305824280e-01
1.087369695305824280e-01
1.087369695305824280e-01
1.087369695305824280e-01
1.087369695305824280e-01
1.087369695305824280e-01
1.087369695305824280e-01
1.087369695305824280e-01
1.087369695305824280e-01
1.087369695305824280e-01
1.087369695305824280e-01
1.087369695305824280e-01
1.087369695305824280e-01
1.087369695305824280e-01
1.087369695305824280e-01
1.087369695305824280e-01
1.087369695305824280e-01
1.087369695305824280e-01
1.087369695305824280e-01
1.087369695305824280e-01
1.087369695305824280e-01
1.087369695305824280e-01
1.087369695305824280e-01
1.087369695305824280e-01
1.087369695305824280e-01
1.087369695305824280e-01
1.087369695305824280e-01
1.087369695305824280e-01
1.087369695305824280e-01
1.087369695305824280e-01
1.087369695305824280e-01
1.087369695305824280e-01
1.087369695305824280e-01
1.087369695305824280e-01
1.087369695305824280e-01
1.087369695305824280e-01
1.087369695305824280e-01
1.087369695305824280e-01
1.087369695305824280e-01
1.087369695305824280e-01
1.087369695305824280e-01
1.087369695305824280e-01
1.087369695305824280e-01
1.087369695305824280e-01
1.087369695305824280e-01
1.087369695305824280e-01
1.087369695305824280e-01
1.024461016058921814e-01
1.025484874844551086e-01
1.026508584618568420e-01
1.027532443404197693e-01
1.028556227684020996e-01
1.029580011963844299e-01
1.030603721737861633e-01
1.031627655029296875e-01
1.032651439309120178e-01
1.033675298094749451e-01
1.034699082374572754e-01
1.035722866654396057e-01
1.036746501922607422e-01
1.037770360708236694e-01
1.038794219493865967e-01
1.039818078279495239e-01
1.031582206487655640e-01
1.037462800741195679e-01
1.043343394994735718e-01
1.049223989248275757e-01
1.055104583501815796e-01
1.060985252261161804e-01
1.066865846514701843e-01
1.072746440768241882e-01
1.078627035021781921e-01
1.084507703781127930e-01
1.087369695305824280e-01
1.087369695305824280e-01
1.087369695305824280e-01
1.087369695305824280e-01
1.087369695305824280e-01
1.087369695305824280e-01
1.029549166560173035e-01
1.032064110040664673e-01
1.034578979015350342e-01
1.037093922495841980e-01
1.039608791470527649e-01
1.042123734951019287e-01
1.044638603925704956e-01
1.047153547406196594e-01
1.049668416380882263e-01
1.052183359861373901e-01
1.054698303341865540e-01
1.057213172316551208e-01
1.059728115797042847e-01
1.062243059277534485e-01
1.064757928252220154e-01
1.067272797226905823e-01
1.060900837182998657e-01
1.063067764043807983e-01
1.065234616398811340e-01
1.067401543259620667e-01
1.069568470120429993e-01
1.071735322475433350e-01
1.073902249336242676e-01
1.076069176197052002e-01
1.078236103057861328e-01
1.080402955412864685e-01
1.082569882273674011e-01
1.084736809134483337e-01
1.086903735995292664e-01
1.087369695305824280e-01
1.087369695305824280e-01
1.087369695305824280e-01
1.087369695305824280e-01
1.087369695305824280e-01
1.087369695305824280e-01
1.087369695305824280e-01
1.087369695305824280e-01
1.087369695305824280e-01
1.087369695305824280e-01
1.087369695305824280e-01
1.087369695305824280e-01
1.087369695305824280e-01
1.087369695305824280e-01
1.087369695305824280e-01
1.087369695305824280e-01
1.087369695305824280e-01
1.087369695305824280e-01
1.087369695305824280e-01
1.087369695305824280e-01
1.087369695305824280e-01
1.087369695305824280e-01
1.087369695305824280e-01
1.087369695305824280e-01
1.087369695305824280e-01
1.087369695305824280e-01
1.087369695305824280e-01
1.087369695305824280e-01
1.087369695305824280e-01
1.087369695305824280e-01
1.087369695305824280e-01
1.087369695305824280e-01
1.087369695305824280e-01
1.087369695305824280e-01
1.087369695305824280e-01
9.958767145872116089e-02
1.001900434494018555e-01
1.007924005389213562e-01
1.013947725296020508e-01
1.019971370697021484e-01
1.025995090603828430e-01
1.032018736004829407e-01
1.038042381405830383e-01
1.044066101312637329e-01
1.050089746713638306e-01
1.056113466620445251e-01
1.062137112021446228e-01
1.068160757422447205e-01
1.074184477329254150e-01
1.080208122730255127e-01
1.086231842637062073e-01
8.482660353183746338e-02
8.535163104534149170e-02
8.587665855884552002e-02
8.640169352293014526e-02
8.692672848701477051e-02
8.797679096460342407e-02
8.850601315498352051e-02
8.904341608285903931e-02
8.958081901073455811e-02
9.011822938919067383e-02
9.065563231706619263e-02
9.119303524494171143e-02
9.173043817281723022e-02
9.226785600185394287e-02
9.280525147914886475e-02
1.006916910409927368e-01
1.009431853890419006e-01
1.011946722865104675e-01
1.014461666345596313e-01
1.016976535320281982e-01
1.019491478800773621e-01
1.022006347775459290e-01
1.024521216750144958e-01
1.027036160230636597e-01
1.029551029205322266e-01
1.032065972685813904e-01
1.034580841660499573e-01
1.037095785140991211e-01
1.039610654115676880e-01
1.042125597596168518e-01
9.806776791810989380e-02
9.864839166402816772e-02
9.922900050878524780e-02
9.980963170528411865e-02
1.003902480006217957e-01
1.009708642959594727e-01
1.015514880418777466e-01
1.021321117877960205e-01
1.027127355337142944e-01
1.032933592796325684e-01
1.038739755749702454e-01
1.044545993208885193e-01
1.050352156162261963e-01
1.056158393621444702e-01
1.061964631080627441e-01
1.067770794034004211e-01
7.827262580394744873e-02
7.833956182003021240e-02
7.840649783611297607e-02
7.847344130277633667e-02
7.854037731885910034e-02
7.860732078552246094e-02
7.867425680160522461e-02
7.874119281768798828e-02
7.880812883377075195e-02
7.887506484985351562e-02
7.894200831651687622e-02
7.900894433259963989e-02
7.907588779926300049e-02
7.914282381534576416e-02
7.920975983142852783e-02
7.927669584751129150e-02
9.834883362054824829e-02
9.895145893096923828e-02
9.955409914255142212e-02
1.001567319035530090e-01
1.007593572139739990e-01
1.013619899749755859e-01
1.020679399371147156e-01
1.028034314513206482e-01
1.035389304161071777e-01
1.042744219303131104e-01
1.050099059939384460e-01
1.057453975081443787e-01
1.064808890223503113e-01
1.072090044617652893e-01
1.079224869608879089e-01
1.086359694600105286e-01
