1.261044293642044067e-01
1.185685023665428162e-01
1.119917258620262146e-01
1.073773354291915894e-01
1.070824712514877319e-01
1.032732352614402771e-01
9.751373529434204102e-02
1.031920611858367920e-01
1.136420145630836487e-01
1.193050965666770935e-01
1.277895569801330566e-01
1.139089018106460571e-01
9.475731104612350464e-02
9.701292961835861206e-02
6.990242749452590942e-02
6.991691887378692627e-02
6.938638538122177124e-02
6.764119118452072144e-02
7.115469127893447876e-02
6.810028105974197388e-02
7.133827358484268188e-02
6.878691911697387695e-02
7.059955596923828125e-02
7.546959817409515381e-02
7.805504649877548218e-02
8.112856745719909668e-02
7.450570911169052124e-02
7.028920948505401611e-02
6.695904582738876343e-02
6.555130332708358765e-02
1.043384149670600891e-01
9.650650620460510254e-02
9.503481537103652954e-02
1.015587598085403442e-01
1.069057583808898926e-01
1.007534787058830261e-01
9.376332163810729980e-02
9.429697692394256592e-02
9.756094217300415039e-02
9.284576773643493652e-02
9.379966557025909424e-02
8.706016093492507935e-02
8.082483708858489990e-02
7.806878536939620972e-02
7.621306180953979492e-02
7.432187348604202271e-02
1.007683426141738892e-01
1.026698946952819824e-01
1.004061624407768250e-01
1.011452525854110718e-01
1.025632470846176147e-01
9.517369419336318970e-02
9.522964060306549072e-02
9.565751254558563232e-02
1.031595915555953979e-01
1.390612721443176270e-01
1.315402090549468994e-01
1.213060691952705383e-01
1.120276972651481628e-01
1.088145598769187927e-01
1.085847616195678711e-01
1.057577729225158691e-01
8.948975056409835815e-02
9.746890515089035034e-02
1.058744192123413086e-01
9.944251924753189087e-02
9.932537376880645752e-02
9.599096328020095825e-02
1.017870604991912842e-01
1.001180410385131836e-01
9.861013293266296387e-02
1.043135598301887512e-01
1.111125126481056213e-01
1.082805320620536804e-01
1.034448370337486267e-01
1.046056747436523438e-01
1.021858304738998413e-01
9.813567996025085449e-02
9.523251652717590332e-02
1.050256788730621338e-01
1.022176742553710938e-01
8.745656162500381470e-02
9.214626252651214600e-02
9.745766222476959229e-02
8.773643523454666138e-02
8.842357248067855835e-02
9.353353083133697510e-02
1.061880216002464294e-01
9.685157239437103271e-02
9.582911431789398193e-02
9.709423780441284180e-02
9.109769761562347412e-02
7.888643443584442139e-02
7.197271287441253662e-02
1.260981708765029907e-01
1.021910756826400757e-01
9.936446696519851685e-02
9.476879984140396118e-02
9.610961377620697021e-02
1.069450974464416504e-01
1.023041009902954102e-01
9.802590310573577881e-02
9.575829654932022095e-02
1.020917892456054688e-01
1.057450398802757263e-01
1.142494678497314453e-01
1.067818626761436462e-01
1.154163107275962830e-01
1.219577342271804810e-01
1.293506622314453125e-01
7.745470851659774780e-02
7.219363749027252197e-02
7.287303358316421509e-02
6.798575818538665771e-02
6.976404786109924316e-02
6.921416521072387695e-02
6.770738214254379272e-02
6.898511946201324463e-02
7.301940768957138062e-02
6.970322877168655396e-02
7.000708580017089844e-02
7.338545471429824829e-02
9.543970972299575806e-02
9.743393212556838989e-02
9.525824338197708130e-02
9.361283481121063232e-02
7.481992989778518677e-02
7.713773846626281738e-02
7.625889778137207031e-02
7.666141539812088013e-02
7.722503691911697388e-02
7.510430365800857544e-02
7.535944879055023193e-02
7.561521977186203003e-02
7.740113139152526855e-02
7.765952497720718384e-02
7.699099928140640259e-02
7.798261195421218872e-02
7.607419043779373169e-02
7.695902138948440552e-02
7.787096500396728516e-02
7.569365203380584717e-02
8.464431017637252808e-02
9.083455055952072144e-02
1.025824770331382751e-01
9.383188933134078979e-02
9.836485236883163452e-02
8.840384334325790405e-02
8.417285978794097900e-02
8.505482226610183716e-02
8.093897998332977295e-02
8.164522796869277954e-02
8.020151406526565552e-02
7.999032735824584961e-02
8.303486555814743042e-02
8.301276713609695435e-02
8.242004364728927612e-02
8.177236467599868774e-02
8.365844190120697021e-02
8.608452975749969482e-02
8.442725241184234619e-02
8.326241374015808105e-02
8.049200475215911865e-02
7.718944549560546875e-02
8.003628998994827271e-02
8.198567479848861694e-02
8.605243265628814697e-02
1.110655516386032104e-01
1.140591353178024292e-01
1.368531137704849243e-01
1.436026096343994141e-01
1.188801005482673645e-01
9.969379752874374390e-02
9.079308807849884033e-02
1.485931575298309326e-01
1.251913607120513916e-01
1.293915063142776489e-01
1.169219687581062317e-01
1.204444617033004761e-01
1.146774664521217346e-01
1.466695070266723633e-01
1.578689068555831909e-01
1.551159769296646118e-01
1.697959154844284058e-01
1.304705440998077393e-01
7.484377920627593994e-02
7.523768395185470581e-02
7.950089126825332642e-02
8.326391875743865967e-02
1.039944663643836975e-01
1.730164289474487305e-01
1.210881397128105164e-01
1.213782504200935364e-01
1.215935572981834412e-01
1.206234246492385864e-01
1.326436102390289307e-01
1.712692230939865112e-01
2.794311344623565674e-01
2.722831070423126221e-01
2.363363504409790039e-01
2.921810150146484375e-01
2.376363128423690796e-01
1.910909712314605713e-01
2.105831354856491089e-01
2.315609604120254517e-01
9.806262701749801636e-02
1.030388250946998596e-01
9.761302173137664795e-02
1.007692143321037292e-01
1.012053266167640686e-01
1.032608747482299805e-01
1.128725707530975342e-01
1.067427769303321838e-01
1.184999421238899231e-01
1.433650702238082886e-01
1.528684794902801514e-01
1.120253279805183411e-01
1.241440400481224060e-01
1.582427024841308594e-01
1.452905982732772827e-01
1.634947806596755981e-01
9.163483977317810059e-02
1.017233654856681824e-01
1.071439161896705627e-01
8.738400042057037354e-02
7.848317176103591919e-02
7.562858611345291138e-02
7.360850274562835693e-02
7.174753397703170776e-02
7.502399384975433350e-02
7.791579514741897583e-02
8.414662629365921021e-02
1.098436415195465088e-01
1.207580566406250000e-01
1.044746711850166321e-01
9.683446586132049561e-02
8.416773378849029541e-02
6.953263282775878906e-02
6.866165995597839355e-02
7.000383734703063965e-02
6.762158125638961792e-02
6.707044690847396851e-02
6.780891865491867065e-02
6.825789064168930054e-02
7.087543606758117676e-02
7.590833306312561035e-02
7.552704960107803345e-02
7.822614908218383789e-02
7.744396477937698364e-02
7.595254480838775635e-02
7.515862584114074707e-02
7.648731768131256104e-02
7.617822289466857910e-02
8.581376820802688599e-02
7.749255001544952393e-02
8.144565671682357788e-02
8.482003211975097656e-02
8.679889887571334839e-02
8.356676995754241943e-02
8.145077526569366455e-02
8.157079666852951050e-02
8.275111764669418335e-02
8.562768995761871338e-02
8.950748294591903687e-02
7.360713183879852295e-02
8.262085914611816406e-02
8.511726558208465576e-02
7.982335239648818970e-02
7.533734291791915894e-02
7.812461256980895996e-02
8.019626885652542114e-02
7.628113031387329102e-02
7.445637881755828857e-02
8.218912035226821899e-02
9.422078728675842285e-02
9.251243621110916138e-02
7.479345053434371948e-02
9.466214478015899658e-02
1.136498823761940002e-01
9.551863372325897217e-02
7.466082274913787842e-02
7.786771655082702637e-02
7.378409802913665771e-02
7.765103131532669067e-02
1.071010828018188477e-01
1.029908657073974609e-01
1.016692891716957092e-01
9.814180433750152588e-02
8.631495386362075806e-02
7.497803866863250732e-02
7.452119141817092896e-02
7.425592839717864990e-02
7.526553422212600708e-02
7.713074982166290283e-02
7.601436227560043335e-02
7.437107712030410767e-02
7.892227917909622192e-02
8.513624966144561768e-02
8.401424437761306763e-02
8.338468521833419800e-02
1.106380596756935120e-01
1.067581400275230408e-01
1.052890717983245850e-01
9.979458153247833252e-02
1.011423841118812561e-01
9.236431866884231567e-02
8.195257931947708130e-02
7.918966561555862427e-02
8.185841143131256104e-02
2.141158580780029297e-01
1.472270041704177856e-01
1.596144884824752808e-01
2.094381451606750488e-01
2.266120016574859619e-01
2.137297093868255615e-01
1.789806187152862549e-01
2.298281341791152954e-01
2.489210218191146851e-01
2.526078522205352783e-01
2.232160121202468872e-01
2.541407644748687744e-01
2.720316052436828613e-01
2.006246149539947510e-01
1.337830871343612671e-01
1.428571492433547974e-01
1.445142924785614014e-01
1.279941201210021973e-01
1.165077090263366699e-01
1.238134577870368958e-01
1.220545247197151184e-01
1.267512291669845581e-01
1.270780563354492188e-01
1.243603527545928955e-01
1.169123500585556030e-01
1.019214391708374023e-01
9.135708957910537720e-02
1.213526502251625061e-01
1.152713149785995483e-01
1.137032061815261841e-01
1.308290958404541016e-01
1.285255253314971924e-01
1.213490292429924011e-01
1.299859732389450073e-01
1.427128911018371582e-01
1.530594378709793091e-01
1.611598581075668335e-01
1.718579679727554321e-01
1.136731058359146118e-01
9.678613394498825073e-02
9.710709750652313232e-02
9.429522603750228882e-02
9.189760684967041016e-02
9.861188381910324097e-02
1.040510460734367371e-01
1.197701841592788696e-01
1.474865227937698364e-01
1.416344791650772095e-01
1.754786223173141479e-01
1.803430467844009399e-01
1.795379966497421265e-01
1.901652961969375610e-01
1.728941649198532104e-01
1.796176880598068237e-01
7.648981362581253052e-02
7.921426743268966675e-02
7.889991998672485352e-02
7.198344916105270386e-02
7.502936571836471558e-02
7.205338776111602783e-02
7.148002833127975464e-02
7.692880183458328247e-02
7.947079092264175415e-02
1.375251412391662598e-01
1.455826014280319214e-01
1.905492097139358521e-01
2.111744880676269531e-01
1.565715670585632324e-01
1.441270112991333008e-01
1.536649018526077271e-01
6.991954147815704346e-02
9.919236600399017334e-02
8.413039147853851318e-02
8.302700519561767578e-02
8.326129615306854248e-02
7.325244694948196411e-02
7.342054694890975952e-02
7.068323343992233276e-02
8.853684365749359131e-02
9.740857779979705811e-02
9.136158227920532227e-02
1.108616068959236145e-01
1.351183950901031494e-01
1.305162459611892700e-01
1.099329367280006409e-01
1.021202653646469116e-01
4.012356400489807129e-01
3.514459133148193359e-01
2.731829285621643066e-01
2.583935856819152832e-01
2.442253232002258301e-01
2.345812469720840454e-01
2.060987353324890137e-01
2.008095979690551758e-01
3.498840332031250000e-01
3.727007508277893066e-01
6.701381206512451172e-01
8.252639174461364746e-01
5.556421875953674316e-01
7.412579655647277832e-02
7.641375809907913208e-02
7.876343280076980591e-02
3.117185235023498535e-01
3.761383295059204102e-01
2.047358304262161255e-01
1.941376328468322754e-01
2.123058587312698364e-01
2.175164073705673218e-01
1.667671501636505127e-01
1.301637887954711914e-01
1.672143191099166870e-01
2.255605757236480713e-01
2.965515851974487305e-01
1.812953799962997437e-01
2.399874180555343628e-01
4.105255603790283203e-01
3.723152577877044678e-01
4.419629275798797607e-01
1.307015866041183472e-01
1.753659695386886597e-01
1.782726347446441650e-01
1.678332984447479248e-01
1.834712624549865723e-01
1.812146306037902832e-01
1.718193739652633667e-01
1.398267000913619995e-01
2.875376641750335693e-01
4.091761708259582520e-01
3.661048710346221924e-01
4.095640778541564941e-01
2.855163514614105225e-01
2.756879627704620361e-01
3.241378366947174072e-01
3.405588567256927490e-01
8.803704380989074707e-02
9.037171304225921631e-02
9.148472547531127930e-02
9.023033827543258667e-02
8.804740756750106812e-02
8.878200501203536987e-02
8.984518796205520630e-02
9.143764525651931763e-02
9.605228900909423828e-02
1.023614257574081421e-01
1.093630716204643250e-01
1.168833747506141663e-01
1.314099580049514771e-01
1.558569520711898804e-01
1.516875326633453369e-01
1.879975944757461548e-01
9.555148333311080933e-02
1.040025874972343445e-01
1.057627722620964050e-01
1.091437637805938721e-01
1.030591800808906555e-01
1.038640886545181274e-01
1.083513423800468445e-01
1.100553274154663086e-01
1.118061468005180359e-01
1.038368567824363708e-01
1.021722182631492615e-01
1.013154760003089905e-01
1.027027443051338196e-01
1.100067496299743652e-01
1.009699106216430664e-01
1.010407209396362305e-01
1.360018700361251831e-01
2.026899009943008423e-01
1.543123275041580200e-01
1.574892550706863403e-01
1.464338302612304688e-01
1.413347423076629639e-01
1.363304555416107178e-01
1.169062331318855286e-01
1.059181317687034607e-01
1.097748279571533203e-01
1.149649620056152344e-01
1.015339121222496033e-01
1.017637029290199280e-01
1.179275736212730408e-01
1.125929430127143860e-01
1.098851040005683899e-01
1.202802285552024841e-01
1.332676708698272705e-01
1.131147295236587524e-01
1.031563431024551392e-01
1.009153351187705994e-01
9.934847801923751831e-02
1.063297688961029053e-01
9.852770715951919556e-02
1.058644279837608337e-01
1.040552929043769836e-01
1.003313586115837097e-01
1.045021414756774902e-01
1.010131239891052246e-01
1.122558712959289551e-01
1.105112954974174500e-01
1.225499585270881653e-01
1.789283007383346558e-01
1.499213576316833496e-01
1.059889420866966248e-01
8.269079774618148804e-02
8.379819244146347046e-02
8.049450069665908813e-02
9.448530524969100952e-02
9.712058305740356445e-02
9.492104500532150269e-02
1.031619608402252197e-01
1.052555963397026062e-01
1.097559705376625061e-01
1.044197157025337219e-01
9.866471588611602783e-02
9.188337624073028564e-02
9.809927642345428467e-02
8.680164068937301636e-02
8.552990108728408813e-02
7.879326492547988892e-02
7.595104724168777466e-02
7.633620500564575195e-02
7.583165168762207031e-02
7.789918780326843262e-02
7.948102802038192749e-02
8.237345516681671143e-02
8.754273504018783569e-02
8.834976702928543091e-02
8.668275177478790283e-02
7.754638046026229858e-02
7.792378962039947510e-02
7.474449276924133301e-02
6.976193189620971680e-02
9.594925493001937866e-02
1.036210507154464722e-01
9.097243100404739380e-02
8.530047535896301270e-02
8.107049018144607544e-02
7.843421399593353271e-02
8.098281919956207275e-02
8.424466848373413086e-02
9.630506485700607300e-02
9.388633817434310913e-02
8.465592563152313232e-02
8.359674364328384399e-02
8.253619074821472168e-02
7.978913187980651855e-02
7.790268212556838989e-02
7.776331156492233276e-02
1.272118091583251953e-01
1.782936155796051025e-01
1.511033028364181519e-01
1.526793986558914185e-01
1.670888215303421021e-01
1.888334900140762329e-01
1.666908115148544312e-01
1.421501338481903076e-01
1.435687541961669922e-01
1.541264951229095459e-01
1.514892131090164185e-01
1.644548028707504272e-01
1.670457422733306885e-01
1.827804893255233765e-01
1.895903199911117554e-01
7.328104972839355469e-02
7.522331923246383667e-02
7.782287895679473877e-02
7.858582586050033569e-02
8.011633902788162231e-02
8.079848438501358032e-02
8.593828976154327393e-02
8.714383840560913086e-02
8.912570029497146606e-02
8.239693939685821533e-02
8.271452784538269043e-02
8.322595059871673584e-02
8.233474195003509521e-02
8.283080160617828369e-02
8.209520578384399414e-02
8.261261880397796631e-02
9.163721650838851929e-02
1.123830080032348633e-01
1.080940738320350647e-01
8.785595744848251343e-02
8.744069933891296387e-02
8.666826039552688599e-02
8.904165029525756836e-02
9.114977717399597168e-02
9.130351245403289795e-02
9.226153790950775146e-02
8.865961432456970215e-02
9.032426029443740845e-02
8.626649528741836548e-02
8.877588808536529541e-02
8.338843286037445068e-02
8.218337595462799072e-02
1.425992399454116821e-01
1.811451911926269531e-01
1.723354160785675049e-01
1.260739564895629883e-01
1.152059957385063171e-01
8.740585297346115112e-02
8.594752848148345947e-02
8.654474467039108276e-02
9.822335839271545410e-02
1.045428588986396790e-01
1.058420762419700623e-01
1.047897636890411377e-01
1.621749550104141235e-01
1.120829880237579346e-01
1.673522889614105225e-01
1.514129042625427246e-01
8.434519916772842407e-02
9.053169935941696167e-02
8.564716577529907227e-02
9.629981964826583862e-02
9.622101485729217529e-02
9.357086569070816040e-02
9.455125033855438232e-02
9.702267497777938843e-02
1.021640971302986145e-01
1.001081764698028564e-01
1.270187348127365112e-01
1.128346025943756104e-01
1.041694432497024536e-01
1.098200380802154541e-01
1.143957152962684631e-01
1.265535205602645874e-01
1.028246358036994934e-01
1.131970286369323730e-01
1.189920008182525635e-01
1.186812743544578552e-01
1.152179837226867676e-01
1.217555403709411621e-01
2.022403031587600708e-01
1.765681505203247070e-01
1.726920902729034424e-01
1.609494090080261230e-01
1.624864190816879272e-01
1.632272750139236450e-01
1.525416523218154907e-01
2.068860530853271484e-01
2.024828344583511353e-01
1.948413848876953125e-01
1.523882895708084106e-01
1.136584952473640442e-01
1.376166790723800659e-01
1.456051915884017944e-01
1.820026934146881104e-01
7.120689004659652710e-02
7.760994881391525269e-02
8.116615563631057739e-02
8.290860801935195923e-02
8.165547251701354980e-02
8.606604486703872681e-02
8.374223858118057251e-02
9.440463036298751831e-02
9.952269494533538818e-02
9.493453055620193481e-02
9.899004548788070679e-02
9.869468212127685547e-02
9.716392308473587036e-02
9.424502402544021606e-02
9.988737851381301880e-02
9.294117987155914307e-02
7.149013876914978027e-02
7.220663130283355713e-02
7.465545088052749634e-02
7.859119772911071777e-02
7.717321068048477173e-02
7.839162647724151611e-02
8.231738209724426270e-02
8.090651035308837891e-02
8.460834622383117676e-02
8.579029142856597900e-02
7.972593605518341064e-02
8.370114862918853760e-02
8.256753534078598022e-02
8.398053050041198730e-02
8.075814694166183472e-02
8.176624774932861328e-02
9.684308618307113647e-02
1.168968677520751953e-01
7.778266817331314087e-02
8.248598128557205200e-02
8.438416570425033569e-02
7.201480120420455933e-02
7.359839230775833130e-02
7.154896110296249390e-02
8.807226270437240601e-02
9.374970942735671997e-02
1.073049008846282959e-01
1.170574724674224854e-01
1.102280244231224060e-01
1.023728922009468079e-01
8.431148529052734375e-02
8.870244771242141724e-02
9.690178185701370239e-02
9.945300966501235962e-02
8.537378907203674316e-02
8.679489791393280029e-02
8.285553008317947388e-02
8.519544452428817749e-02
8.136847615242004395e-02
8.912719786167144775e-02
9.305994957685470581e-02
9.846975654363632202e-02
1.029753759503364563e-01
1.016490608453750610e-01
9.243900328874588013e-02
9.006898850202560425e-02
8.496677130460739136e-02
8.387362211942672729e-02
9.186488389968872070e-02
9.958501905202865601e-02
9.314811974763870239e-02
8.973678201436996460e-02
8.903115987777709961e-02
9.329798817634582520e-02
8.956743031740188599e-02
9.037084132432937622e-02
1.098688691854476929e-01
1.159728094935417175e-01
1.295195072889328003e-01
1.132352501153945923e-01
1.126435250043869019e-01
1.074227988719940186e-01
9.775514900684356689e-02
9.018837660551071167e-02
1.017766967415809631e-01
1.160674765706062317e-01
9.040893614292144775e-02
7.335373014211654663e-02
7.391061633825302124e-02
7.273703068494796753e-02
7.363823056221008301e-02
8.309044688940048218e-02
8.858767896890640259e-02
8.092811703681945801e-02
8.451530337333679199e-02
8.840134739875793457e-02
8.543282747268676758e-02
8.436205983161926270e-02
8.248086273670196533e-02
8.322395384311676025e-02
8.535043150186538696e-02
9.598647058010101318e-02
7.894076406955718994e-02
7.793240994215011597e-02
7.861605286598205566e-02
7.770835608243942261e-02
7.672298699617385864e-02
7.620082795619964600e-02
7.703845202922821045e-02
7.973630726337432861e-02
7.683126628398895264e-02
7.416376471519470215e-02
7.792266458272933960e-02
7.638428360223770142e-02
8.003378659486770630e-02
7.574435323476791382e-02
9.217898547649383545e-02
1.020759269595146179e-01
9.350755065679550171e-02
1.001933515071868896e-01
9.302984923124313354e-02
8.204437792301177979e-02
8.734078705310821533e-02
8.414300531148910522e-02
8.168444782495498657e-02
8.256091177463531494e-02
9.398575127124786377e-02
9.540711343288421631e-02
1.003741919994354248e-01
9.538275748491287231e-02
8.970817923545837402e-02
8.494229614734649658e-02
7.439630478620529175e-02
8.373512327671051025e-02
8.822687715291976929e-02
8.762253820896148682e-02
9.427136927843093872e-02
9.125268459320068359e-02
9.012331068515777588e-02
8.825460076332092285e-02
7.433685660362243652e-02
7.864139974117279053e-02
8.071805536746978760e-02
9.247293323278427124e-02
1.022565513849258423e-01
9.292431920766830444e-02
9.809297323226928711e-02
1.123407930135726929e-01
6.720845401287078857e-02
7.062891125679016113e-02
7.369205355644226074e-02
8.386350423097610474e-02
8.030429482460021973e-02
8.096920698881149292e-02
8.050986379384994507e-02
8.485612273216247559e-02
8.736314624547958374e-02
9.268665313720703125e-02
9.399849176406860352e-02
9.522152692079544067e-02
8.931190520524978638e-02
8.377233892679214478e-02
7.743210345506668091e-02
7.633857429027557373e-02
6.570853292942047119e-02
6.673000007867813110e-02
6.459115445613861084e-02
6.505998969078063965e-02
6.281935423612594604e-02
6.121253594756126404e-02
6.012275442481040955e-02
6.038826704025268555e-02
6.128759309649467468e-02
6.506910175085067749e-02
6.523058563470840454e-02
6.637993454933166504e-02
7.021302729845046997e-02
6.673412024974822998e-02
6.666518747806549072e-02
6.576923280954360962e-02
2.634607255458831787e-01
9.198615700006484985e-02
8.194821327924728394e-02
7.201942056417465210e-02
8.013569563627243042e-02
7.644923031330108643e-02
7.366658002138137817e-02
7.633145898580551147e-02
8.050037175416946411e-02
7.338970154523849487e-02
6.880602985620498657e-02
7.251710444688796997e-02
7.320973277091979980e-02
7.012236118316650391e-02
6.617686897516250610e-02
6.343855708837509155e-02
3.127311170101165771e-01
2.589252293109893799e-01
1.056122779846191406e-01
7.758059352636337280e-02
7.356742024421691895e-02
9.474045783281326294e-02
9.294867515563964844e-02
1.041499525308609009e-01
1.576081365346908569e-01
1.074020639061927795e-01
1.063907146453857422e-01
1.050487831234931946e-01
1.648640632629394531e-01
1.999087482690811157e-01
1.659135073423385620e-01
2.034205049276351929e-01
2.328137308359146118e-01
2.633613049983978271e-01
2.310743927955627441e-01
2.162841856479644775e-01
1.949614137411117554e-01
1.612411588430404663e-01
1.306564956903457642e-01
1.292673647403717041e-01
1.244826167821884155e-01
1.251685023307800293e-01
1.282045543193817139e-01
1.296460181474685669e-01
1.427592337131500244e-01
1.729910820722579956e-01
2.471684515476226807e-01
2.441051751375198364e-01
1.697535812854766846e-01
1.505737751722335815e-01
1.551380902528762817e-01
1.656135171651840210e-01
1.500808447599411011e-01
1.173805594444274902e-01
1.097609624266624451e-01
1.509481966495513916e-01
1.660416424274444580e-01
2.597225308418273926e-01
3.907530307769775391e-01
1.957715600728988647e-01
2.456290721893310547e-01
2.081531733274459839e-01
2.031670957803726196e-01
3.017151653766632080e-01
9.722574055194854736e-02
1.027092412114143372e-01
9.367690235376358032e-02
9.249644726514816284e-02
9.027280658483505249e-02
9.458608925342559814e-02
9.766472876071929932e-02
1.051167249679565430e-01
1.278160214424133301e-01
1.810047030448913574e-01
1.823999583721160889e-01
2.292130589485168457e-01
2.189418226480484009e-01
2.557649314403533936e-01
2.668536901473999023e-01
2.200640738010406494e-01
8.159203082323074341e-02
8.692840486764907837e-02
7.673709839582443237e-02
7.314554601907730103e-02
7.351046800613403320e-02
7.740013301372528076e-02
8.237483352422714233e-02
9.273348748683929443e-02
9.231761097908020020e-02
9.669820964336395264e-02
1.064103171229362488e-01
1.171726211905479431e-01
1.124093607068061829e-01
1.023223325610160828e-01
1.061957627534866333e-01
1.018185317516326904e-01
7.192850112915039062e-02
7.492770999670028687e-02
7.070434093475341797e-02
7.341068238019943237e-02
7.384692132472991943e-02
7.347774505615234375e-02
7.618346810340881348e-02
7.958818227052688599e-02
7.865239679813385010e-02
8.879649639129638672e-02
9.062823653221130371e-02
9.097293019294738770e-02
9.017451852560043335e-02
1.079278439283370972e-01
1.060191690921783447e-01
1.014479845762252808e-01
6.934268027544021606e-02
7.509568333625793457e-02
7.628187537193298340e-02
7.764153927564620972e-02
7.741300016641616821e-02
7.419648021459579468e-02
7.488624751567840576e-02
7.333524525165557861e-02
7.506658136844635010e-02
7.656574994325637817e-02
7.985719293355941772e-02
8.211631327867507935e-02
7.748905569314956665e-02
7.248312979936599731e-02
6.904944032430648804e-02
7.074604928493499756e-02
7.369742542505264282e-02
8.066560328006744385e-02
7.777854800224304199e-02
7.590296119451522827e-02
7.567804306745529175e-02
7.208036631345748901e-02
7.043183594942092896e-02
7.180398702621459961e-02
7.264049351215362549e-02
7.541202753782272339e-02
7.514926046133041382e-02
7.632721215486526489e-02
7.472489029169082642e-02
7.359839230775833130e-02
7.260365039110183716e-02
7.154072076082229614e-02
7.587723433971405029e-02
7.425305992364883423e-02
6.998435407876968384e-02
7.391697913408279419e-02
7.805317640304565430e-02
7.026086002588272095e-02
7.435096800327301025e-02
7.272616773843765259e-02
7.340181618928909302e-02
7.821094989776611328e-02
7.981134951114654541e-02
7.741112262010574341e-02
8.071255683898925781e-02
7.391261309385299683e-02
6.847594678401947021e-02
6.830485165119171143e-02
6.693682074546813965e-02
6.867839395999908447e-02
6.932057440280914307e-02
7.101219147443771362e-02
7.157456874847412109e-02
6.872447580099105835e-02
7.781563699245452881e-02
7.910886406898498535e-02
8.296305686235427856e-02
8.111032843589782715e-02
8.330750465393066406e-02
8.084232360124588013e-02
7.376486808061599731e-02
6.966976076364517212e-02
6.757662445306777954e-02
7.138024270534515381e-02
7.338333129882812500e-02
6.970772892236709595e-02
6.897200644016265869e-02
6.899061799049377441e-02
6.794004887342453003e-02
7.167822122573852539e-02
7.495293766260147095e-02
7.673209905624389648e-02
8.376497030258178711e-02
8.137959241867065430e-02
7.592556625604629517e-02
7.893864065408706665e-02
8.003141731023788452e-02
7.624953240156173706e-02
7.738452404737472534e-02
8.190562576055526733e-02
7.967548072338104248e-02
7.717321068048477173e-02
7.654864341020584106e-02
7.959417998790740967e-02
8.187814801931381226e-02
8.123010396957397461e-02
9.022135287523269653e-02
1.591405272483825684e-01
1.402955502271652222e-01
1.559029072523117065e-01
1.485922932624816895e-01
1.330759674310684204e-01
1.374393403530120850e-01
1.320015490055084229e-01
6.575699150562286377e-02
7.115519046783447266e-02
6.496606767177581787e-02
6.432713568210601807e-02
6.570091843605041504e-02
6.415154784917831421e-02
6.538132578134536743e-02
6.580120325088500977e-02
7.191213965415954590e-02
7.088106125593185425e-02
7.563283294439315796e-02
7.961353659629821777e-02
8.227454870939254761e-02
9.342662245035171509e-02
9.491255134344100952e-02
8.454040437936782837e-02
1.008266657590866089e-01
7.543700188398361206e-02
6.645224988460540771e-02
7.127108424901962280e-02
7.059755921363830566e-02
7.069397717714309692e-02
6.702835857868194580e-02
6.992965191602706909e-02
6.992840766906738281e-02
7.384367287158966064e-02
7.784298807382583618e-02
8.289974182844161987e-02
7.543675601482391357e-02
7.388363778591156006e-02
7.904417067766189575e-02
7.978139072656631470e-02
1.423644572496414185e-01
1.342516690492630005e-01
1.186898946762084961e-01
9.899042546749114990e-02
9.906435757875442505e-02
1.084129139780998230e-01
1.056664809584617615e-01
1.104545146226882935e-01
1.115178018808364868e-01
1.168422922492027283e-01
9.987063705921173096e-02
8.449569344520568848e-02
8.822275698184967041e-02
8.012508600950241089e-02
7.304450869560241699e-02
1.461221128702163696e-01
1.113403066992759705e-01
9.701468050479888916e-02
8.649966120719909668e-02
8.570461720228195190e-02
8.433633297681808472e-02
8.675256371498107910e-02
1.101579889655113220e-01
1.141652911901473999e-01
2.002129852771759033e-01
1.457445770502090454e-01
1.564373075962066650e-01
2.951266765594482422e-01
3.157650530338287354e-01
2.929755747318267822e-01
2.697884440422058105e-01
6.023577973246574402e-02
6.171159073710441589e-02
6.284820288419723511e-02
6.414005905389785767e-02
6.468881666660308838e-02
6.636382639408111572e-02
6.692932546138763428e-02
6.801036000251770020e-02
6.785300374031066895e-02
6.810702383518218994e-02
6.969624012708663940e-02
6.995275616645812988e-02
6.905206292867660522e-02
6.886135786771774292e-02
6.699950993061065674e-02
6.611692160367965698e-02
1.279384195804595947e-01
1.258256733417510986e-01
1.208078861236572266e-01
1.123851314187049866e-01
1.062505915760993958e-01
7.297794520854949951e-02
6.756076216697692871e-02
6.785112619400024414e-02
6.954125314950942993e-02
7.001332938671112061e-02
6.744836270809173584e-02
7.180473953485488892e-02
7.149413973093032837e-02
6.977229565382003784e-02
6.629101932048797607e-02
6.690184772014617920e-02
1.410197764635086060e-01
1.530320793390274048e-01
1.186207085847854614e-01
9.058377891778945923e-02
9.126654267311096191e-02
9.536864608526229858e-02
8.457037806510925293e-02
7.941221445798873901e-02
8.919925987720489502e-02
1.178671270608901978e-01
1.131089851260185242e-01
9.965907782316207886e-02
9.544095396995544434e-02
9.811545163393020630e-02
1.010505929589271545e-01
1.060713753104209900e-01
7.669563591480255127e-02
7.895150035619735718e-02
7.142594456672668457e-02
6.679681688547134399e-02
6.648459285497665405e-02
6.756875663995742798e-02
6.567956507205963135e-02
6.572701781988143921e-02
6.232916563749313354e-02
8.055819571018218994e-02
1.007604748010635376e-01
1.286926269531250000e-01
1.375709772109985352e-01
1.187326088547706604e-01
1.099225729703903198e-01
1.532816141843795776e-01
8.542799204587936401e-02
9.442061185836791992e-02
7.501325756311416626e-02
6.846433132886886597e-02
6.565558165311813354e-02
6.327707320451736450e-02
6.670314818620681763e-02
6.443989276885986328e-02
7.991524040699005127e-02
1.194114983081817627e-01
9.454037994146347046e-02
9.189998358488082886e-02
1.064392924308776855e-01
1.093788072466850281e-01
1.085566580295562744e-01
1.041094958782196045e-01
9.174936264753341675e-02
7.152823358774185181e-02
7.117255032062530518e-02
7.242493331432342529e-02
6.732647120952606201e-02
6.290378421545028687e-02
6.371468305587768555e-02
6.382258981466293335e-02
6.755376607179641724e-02
8.275574445724487305e-02
1.021637246012687683e-01
9.062548726797103882e-02
8.167095482349395752e-02
7.986893504858016968e-02
8.791840076446533203e-02
8.463169634342193604e-02
6.239548325538635254e-02
6.350237131118774414e-02
6.105005368590354919e-02
6.273005902767181396e-02
6.732359528541564941e-02
6.471329927444458008e-02
6.379248946905136108e-02
6.563322991132736206e-02
6.399693340063095093e-02
6.631536781787872314e-02
7.479108124971389771e-02
7.132528722286224365e-02
6.677795946598052979e-02
6.564372032880783081e-02
6.699775904417037964e-02
6.351898610591888428e-02
1.525059342384338379e-01
1.118968129158020020e-01
9.008384495973587036e-02
7.556688785552978516e-02
6.281248480081558228e-02
6.114959344267845154e-02
6.233016774058341980e-02
6.482494622468948364e-02
7.257667183876037598e-02
1.075910180807113647e-01
1.102504059672355652e-01
7.307997345924377441e-02
7.219139486551284790e-02
7.062341272830963135e-02
6.559725850820541382e-02
1.023717895150184631e-01
8.598162233829498291e-02
8.257739990949630737e-02
9.588905423879623413e-02
8.003216236829757690e-02
6.224936246871948242e-02
6.215294823050498962e-02
6.806556135416030884e-02
8.132014423608779907e-02
1.027218550443649292e-01
1.752861589193344116e-01
1.138350889086723328e-01
1.275058090686798096e-01
1.489148736000061035e-01
1.506329774856567383e-01
1.475006341934204102e-01
1.592327058315277100e-01
1.948974579572677612e-01
1.207516789436340332e-01
7.527390122413635254e-02
6.840975582599639893e-02
6.439145654439926147e-02
6.403315067291259766e-02
6.864205002784729004e-02
8.845079690217971802e-02
1.068862676620483398e-01
1.504726260900497437e-01
1.458210051059722900e-01
7.650255411863327026e-02
8.922711014747619629e-02
8.614272624254226685e-02
8.190599828958511353e-02
7.529225945472717285e-02
7.039998471736907959e-02
6.933068484067916870e-02
6.721369922161102295e-02
6.586664170026779175e-02
6.638693064451217651e-02
6.539976596832275391e-02
6.587210297584533691e-02
6.707818806171417236e-02
6.921079754829406738e-02
7.269531488418579102e-02
7.196521759033203125e-02
1.343941688537597656e-01
1.481782793998718262e-01
1.977109611034393311e-01
2.392480075359344482e-01
1.517336219549179077e-01
1.396095305681228638e-01
1.152641922235488892e-01
1.234370470046997070e-01
1.190912872552871704e-01
1.020700559020042419e-01
8.756371587514877319e-02
7.028546184301376343e-02
8.372887969017028809e-02
9.938432276248931885e-02
1.281333714723587036e-01
9.868869185447692871e-02
9.077260643243789673e-02
8.763977140188217163e-02
7.883160561323165894e-02
8.061814308166503906e-02
8.594040572643280029e-02
8.458124101161956787e-02
7.554453611373901367e-02
6.864230334758758545e-02
7.198407500982284546e-02
6.620796769857406616e-02
6.707432121038436890e-02
6.424084305763244629e-02
6.380610167980194092e-02
7.519821822643280029e-02
8.980197459459304810e-02
1.109030768275260925e-01
1.419967859983444214e-01
1.073865741491317749e-01
9.754808247089385986e-02
8.726210892200469971e-02
7.964550703763961792e-02
9.341263771057128906e-02
8.154806494712829590e-02
8.336208015680313110e-02
7.974329590797424316e-02
7.947254180908203125e-02
8.096283674240112305e-02
8.279857784509658813e-02
9.327276051044464111e-02
9.513722360134124756e-02
9.781409054994583130e-02
8.135960996150970459e-02
8.033327013254165649e-02
7.611227780580520630e-02
7.289464026689529419e-02
7.412504404783248901e-02
6.507559865713119507e-02
6.993427872657775879e-02
7.168284058570861816e-02
7.444214075803756714e-02
7.063777744770050049e-02
7.803681492805480957e-02
8.029555529356002808e-02
8.312104642391204834e-02
7.648807018995285034e-02
7.850277423858642578e-02
8.349233865737915039e-02
8.591917902231216431e-02
7.975116372108459473e-02
7.408245652914047241e-02
7.470265775918960571e-02
6.267198920249938965e-02
6.512542814016342163e-02
6.295561045408248901e-02
6.377688050270080566e-02
6.353110074996948242e-02
6.399381160736083984e-02
6.322362273931503296e-02
6.891155987977981567e-02
6.305177509784698486e-02
6.206927448511123657e-02
6.264188885688781738e-02
6.064641475677490234e-02
6.190204620361328125e-02
6.072222068905830383e-02
6.078966334462165833e-02
6.081726402044296265e-02
9.279306232929229736e-02
9.975186735391616821e-02
1.136637404561042786e-01
1.199695095419883728e-01
1.263390928506851196e-01
9.458073973655700684e-02
8.443295955657958984e-02
7.357478141784667969e-02
7.641050964593887329e-02
8.166296780109405518e-02
1.001846119761466980e-01
1.028398722410202026e-01
8.122397959232330322e-02
7.528201490640640259e-02
8.382654190063476562e-02
7.423869520425796509e-02
8.731780946254730225e-02
8.554938435554504395e-02
8.709987998008728027e-02
8.505506813526153564e-02
8.027932047843933105e-02
7.936438173055648804e-02
7.617922127246856689e-02
7.302714884281158447e-02
7.446749508380889893e-02
9.104648977518081665e-02
1.298826932907104492e-01
1.506676822900772095e-01
1.730223000049591064e-01
1.702713668346405029e-01
1.250083893537521362e-01
1.530447006225585938e-01
9.462730586528778076e-02
8.142705261707305908e-02
8.081721514463424683e-02
8.086679875850677490e-02
8.036599308252334595e-02
8.547119796276092529e-02
8.686608821153640747e-02
9.731528908014297485e-02
1.070897132158279419e-01
9.397576004266738892e-02
9.887489676475524902e-02
9.243226051330566406e-02
9.190160781145095825e-02
8.501585572957992554e-02
8.217637985944747925e-02
7.967835664749145508e-02
9.346158802509307861e-02
8.480866253376007080e-02
8.387587219476699829e-02
8.559072017669677734e-02
8.074465394020080566e-02
8.323756605386734009e-02
8.609439432621002197e-02
8.699034899473190308e-02
9.163034707307815552e-02
1.057973653078079224e-01
1.161181852221488953e-01
1.001511439681053162e-01
8.866698294878005981e-02
9.790963679552078247e-02
9.966881573200225830e-02
9.016427397727966309e-02
1.408147066831588745e-01
8.569774776697158813e-02
7.265410572290420532e-02
6.763544678688049316e-02
6.759086251258850098e-02
6.667992472648620605e-02
6.482794135808944702e-02
6.817071884870529175e-02
6.976679712533950806e-02
7.736391574144363403e-02
1.202516332268714905e-01
2.317104488611221313e-01
2.178667783737182617e-01
1.390562802553176880e-01
1.400868594646453857e-01
1.353630572557449341e-01
6.507722288370132446e-02
6.425257772207260132e-02
6.453146040439605713e-02
6.473140418529510498e-02
6.610031425952911377e-02
6.500466167926788330e-02
6.495695561170578003e-02
6.602612882852554321e-02
6.703747808933258057e-02
6.870537251234054565e-02
7.288852334022521973e-02
7.174791395664215088e-02
7.040123641490936279e-02
7.250273972749710083e-02
8.481353521347045898e-02
7.752065360546112061e-02
8.946526795625686646e-02
1.008115485310554504e-01
1.104274988174438477e-01
8.682212233543395996e-02
6.849668920040130615e-02
6.769717484712600708e-02
6.825876235961914062e-02
7.444638758897781372e-02
7.747531682252883911e-02
8.239232003688812256e-02
8.949024975299835205e-02
7.847205549478530884e-02
8.175200968980789185e-02
7.436970621347427368e-02
7.270805537700653076e-02
1.829864382743835449e-01
1.320526599884033203e-01
7.951125502586364746e-02
6.534111499786376953e-02
6.582468003034591675e-02
6.626529246568679810e-02
6.862806528806686401e-02
7.790468633174896240e-02
9.444496780633926392e-02
1.249596923589706421e-01
3.100822269916534424e-01
1.676393449306488037e-01
8.474022895097732544e-02
2.092990279197692871e-01
2.477391958236694336e-01
1.579137444496154785e-01
1.188360154628753662e-01
8.019202202558517456e-02
7.214280962944030762e-02
6.743074953556060791e-02
6.507347524166107178e-02
6.512580066919326782e-02
6.503275781869888306e-02
6.811264902353286743e-02
7.616710662841796875e-02
2.083646059036254883e-01
2.148930430412292480e-01
8.528486639261245728e-02
9.033087641000747681e-02
6.889994442462921143e-02
6.800049543380737305e-02
6.934642046689987183e-02
6.737805157899856567e-02
6.784800440073013306e-02
7.050427049398422241e-02
6.619822233915328979e-02
6.551782786846160889e-02
6.783688813447952271e-02
6.180575862526893616e-02
6.052014976739883423e-02
6.944845616817474365e-02
9.247322380542755127e-02
1.257635951042175293e-01
9.568098932504653931e-02
1.038101390004158020e-01
7.990016043186187744e-02
1.148068532347679138e-01
6.332778185606002808e-02
6.073134019970893860e-02
6.038065254688262939e-02
6.327670067548751831e-02
5.945597216486930847e-02
6.088058277964591980e-02
6.122614815831184387e-02
6.574799865484237671e-02
6.965190172195434570e-02
8.222821354866027832e-02
8.242429047822952271e-02
7.396656274795532227e-02
7.075816392898559570e-02
7.275776565074920654e-02
6.714675575494766235e-02
6.777656823396682739e-02
1.489558368921279907e-01
1.159345954656600952e-01
9.445508569478988647e-02
7.618821412324905396e-02
6.383594870567321777e-02
6.035067886114120483e-02
6.275703758001327515e-02
6.022129207849502563e-02
6.127098202705383301e-02
7.449758797883987427e-02
9.265968203544616699e-02
8.197331428527832031e-02
1.096008569002151489e-01
9.969904273748397827e-02
8.110358566045761108e-02
6.751967221498489380e-02
7.871945947408676147e-02
7.393009215593338013e-02
7.406897097826004028e-02
7.360956072807312012e-02
7.760933041572570801e-02
7.418186962604522705e-02
7.503998279571533203e-02
7.873181998729705811e-02
7.630135864019393921e-02
8.823199570178985596e-02
8.190749585628509521e-02
8.457375317811965942e-02
8.812358975410461426e-02
9.718514978885650635e-02
1.430021375417709351e-01
1.391896605491638184e-01
7.554540783166885376e-02
7.984333485364913940e-02
9.179457277059555054e-02
9.637037664651870728e-02
9.202874451875686646e-02
9.878622740507125854e-02
7.880962640047073364e-02
7.491759210824966431e-02
7.279710471630096436e-02
7.717795670032501221e-02
8.013694733381271362e-02
9.686406701803207397e-02
1.013967841863632202e-01
9.818389266729354858e-02
9.347470849752426147e-02
8.549217879772186279e-02
7.933641225099563599e-02
8.171279728412628174e-02
8.265732973814010620e-02
8.311479538679122925e-02
8.385726064443588257e-02
8.027644455432891846e-02
7.655276358127593994e-02
8.323081582784652710e-02
8.452404290437698364e-02
9.204235672950744629e-02
8.871032297611236572e-02
8.400463312864303589e-02
8.392919600009918213e-02
8.341015875339508057e-02
7.659884542226791382e-02
7.621843367815017700e-02
9.646441787481307983e-02
8.712760359048843384e-02
7.929382473230361938e-02
7.614112645387649536e-02
7.203153520822525024e-02
7.251323014497756958e-02
7.030519843101501465e-02
7.020890712738037109e-02
6.645099818706512451e-02
6.657888740301132202e-02
7.348936051130294800e-02
8.007138222455978394e-02
8.909447491168975830e-02
1.145186051726341248e-01
1.090321093797683716e-01
9.991909563541412354e-02
9.148073196411132812e-02
8.396641165018081665e-02
8.049762248992919922e-02
7.536656409502029419e-02
7.291237264871597290e-02
7.739488780498504639e-02
7.649880647659301758e-02
7.993537932634353638e-02
8.526325970888137817e-02
9.506092220544815063e-02
8.631619811058044434e-02
9.021098166704177856e-02
9.043265879154205322e-02
9.352716058492660522e-02
1.041177362203598022e-01
1.030384451150894165e-01
1.703295707702636719e-01
7.938761264085769653e-02
6.156959384679794312e-02
6.149690598249435425e-02
6.234802678227424622e-02
6.259605288505554199e-02
6.143483892083168030e-02
6.318702548742294312e-02
6.551645696163177490e-02
8.134974539279937744e-02
8.515748381614685059e-02
8.855483680963516235e-02
7.959805428981781006e-02
7.335036247968673706e-02
7.788307964801788330e-02
1.280446946620941162e-01
8.167196065187454224e-02
6.797089427709579468e-02
6.436133384704589844e-02
6.537043303251266479e-02
6.529003381729125977e-02
6.647485494613647461e-02
6.826913356781005859e-02
6.683490425348281860e-02
6.661872565746307373e-02
7.555539906024932861e-02
8.877513557672500610e-02
1.028581038117408752e-01
1.042903363704681396e-01
8.049724996089935303e-02
9.736674278974533081e-02
1.011543720960617065e-01
8.383191376924514771e-02
7.153410464525222778e-02
6.939775496721267700e-02
6.311534345149993896e-02
6.570141762495040894e-02
6.391026079654693604e-02
6.476687639951705933e-02
7.937724888324737549e-02
7.609279453754425049e-02
7.355006039142608643e-02
9.446869790554046631e-02
1.364313513040542603e-01
1.298748254776000977e-01
1.037099733948707581e-01
6.744998693466186523e-02
6.006081029772758484e-02
1.042924523353576660e-01
1.088425293564796448e-01
9.800942242145538330e-02
9.332296252250671387e-02
9.003951400518417358e-02
8.702981472015380859e-02
7.940047979354858398e-02
7.012073695659637451e-02
6.585603207349777222e-02
6.751892715692520142e-02
1.018757298588752747e-01
9.973513334989547729e-02
1.228936538100242615e-01
1.185181736946105957e-01
1.244199201464653015e-01
1.522140651941299438e-01
9.389595687389373779e-02
7.757423073053359985e-02
6.967788189649581909e-02
6.926074624061584473e-02
6.845234334468841553e-02
7.043121010065078735e-02
7.418149709701538086e-02
7.724589854478836060e-02
8.126581460237503052e-02
9.678164124488830566e-02
1.391293257474899292e-01
2.455964833498001099e-01
1.399551033973693848e-01
1.439892649650573730e-01
1.341096758842468262e-01
1.066413670778274536e-01
8.863651007413864136e-02
7.172942906618118286e-02
7.126721739768981934e-02
6.734645366668701172e-02
6.821530312299728394e-02
6.955698877573013306e-02
6.659212708473205566e-02
6.334001570940017700e-02
6.692607700824737549e-02
7.493507862091064453e-02
1.115980744361877441e-01
1.075769066810607910e-01
1.140210479497909546e-01
9.556147456169128418e-02
1.108692288398742676e-01
1.020323410630226135e-01
8.929841965436935425e-02
7.579606026411056519e-02
7.233539223670959473e-02
6.917469948530197144e-02
6.863418221473693848e-02
6.744161993265151978e-02
6.589262187480926514e-02
6.740602850914001465e-02
7.168184220790863037e-02
8.285340666770935059e-02
1.329756826162338257e-01
2.251798957586288452e-01
1.534542143344879150e-01
9.662453085184097290e-02
1.118813306093215942e-01
1.108431294560432434e-01
7.121176272630691528e-02
7.529918104410171509e-02
6.470035016536712646e-02
7.361987233161926270e-02
7.611265033483505249e-02
7.535058259963989258e-02
8.050262182950973511e-02
7.666128873825073242e-02
8.450418710708618164e-02
8.230139315128326416e-02
7.713911682367324829e-02
7.018242776393890381e-02
6.547911465167999268e-02
6.166263669729232788e-02
6.063866987824440002e-02
8.477706462144851685e-02
8.437542617321014404e-02
7.765877991914749146e-02
6.958121061325073242e-02
7.467430830001831055e-02
8.624638617038726807e-02
9.262658655643463135e-02
9.297502785921096802e-02
9.554960578680038452e-02
9.236082434654235840e-02
1.019309312105178833e-01
1.311827749013900757e-01
1.040555387735366821e-01
9.852496534585952759e-02
8.563205599784851074e-02
7.871920615434646606e-02
7.436970621347427368e-02
8.161050826311111450e-02
9.858528524637222290e-02
9.477405250072479248e-02
7.351658493280410767e-02
8.799020946025848389e-02
6.997249275445938110e-02
7.433623075485229492e-02
8.815943449735641479e-02
1.190989091992378235e-01
9.642545878887176514e-02
8.777777105569839478e-02
1.327580064535140991e-01
7.412804663181304932e-02
7.608055323362350464e-02
6.806456297636032104e-02
6.631512194871902466e-02
6.986596435308456421e-02
6.523869931697845459e-02
6.596630811691284180e-02
6.957022100687026978e-02
6.815285980701446533e-02
6.767877936363220215e-02
7.226981967687606812e-02
7.524143159389495850e-02
8.771682530641555786e-02
9.342687577009201050e-02
9.197166562080383301e-02
1.043339148163795471e-01
1.178255379199981689e-01
8.685122430324554443e-02
7.954647392034530640e-02
6.654341518878936768e-02
6.166476011276245117e-02
6.165814027190208435e-02
6.107590720057487488e-02
6.152750551700592041e-02
6.168461591005325317e-02
6.367421895265579224e-02
6.648597121238708496e-02
7.096111029386520386e-02
1.092073321342468262e-01
1.546652615070343018e-01
1.268286556005477905e-01
1.512279361486434937e-01
1.571213304996490479e-01
1.279906183481216431e-01
